199 7879 2245 1710 32435700 414584512 657104894 -740426421
199 7913 2232 1691 32435700 414913010 656819206 -740476304
199 7903 2277 1710 32888552 415244330 656533405 -740524060
199 7893 2253 1708 33782998 415895475 655964628 -740622407
199 7900 2231 1696 34234203 415895475 655964628 -740622424
199 7907 2252 1708 34234203 416224012 655681411 -740667931
199 7876 2243 1752 34683163 416550997 655395736 -740716059
199 7927 2218 1701 35581397 417200867 654819564 -740817282
199 7908 2249 1737 36030569 417200867 654819564 -740817282
199 7905 2236 1682 36030569 417522982 654532096 -740868139
199 7881 2257 1680 36477353 417845697 654249688 -740913778
199 7888 2241 1699 37366985 418490664 653684406 -741004446
199 7916 2241 1679 37812035 418490664 653684406 -741004369
199 7934 2225 1687 37812035 418817784 653403461 -741044761
199 7923 2240 1723 38262122 419141729 653120804 -741087675
199 7901 2239 1696 39157882 419783728 652554092 -741176757
199 7932 2220 1685 39606138 419783728 652554092 -741176730
199 7911 2229 1656 39606191 420106116 652272049 -741218510
199 7889 2262 1645 40053094 420431272 651994278 -741254519
199 7900 2273 1695 40933410 421071829 651435637 -741291221
199 7878 2272 1729 41372962 421071829 651435637 -741333991
199 7901 2235 1701 41373042 421388170 651153524 -741377687
199 7912 2236 1700 41815523 421708178 650871773 -741418313
199 7884 2225 1726 42697413 422341791 650306125 -741524072
199 7913 2260 1689 43139013 422341791 650306125 -741503736
199 7907 2245 1726 43139000 422654519 650026826 -741544884
199 7908 2246 1706 43576564 422961807 649747161 -741589190
199 7898 2252 1706 44453061 423586614 649187500 -741629452
199 7872 2245 1660 44886981 423586614 649187500 -741670682
199 7890 2206 1669 173423399 509964444 557172291 -743250500
199 7914 2223 1720 173423399 510109449 556995661 -743229449
199 7901 2235 1727 173653045 510255495 556811157 -743213826
199 7907 2238 1697 174114997 510540139 556450974 -743180028
199 7885 2237 1695 174343911 510540139 556450974 -743180028
199 7901 2226 1666 174343911 510685999 556271134 -743160778
199 7895 2228 1712 174572267 510829069 556096593 -743139469
199 7915 2224 1694 175034598 511120092 555738678 -743098344
199 7904 2210 1730 175265419 511120092 555738678 -743098358
199 7885 2258 1696 175265419 511264828 555555605 -743081276
199 7876 2221 1673 175492356 511406061 555377548 -743063630
199 7894 2227 1683 175939473 511695378 555020834 -743025404
199 7894 2242 1714 176163798 511695378 555020834 -743025249
199 7926 2224 1683 176163798 511834845 554840653 -743010607
199 7952 2233 1695 176388407 511980002 554661255 -742991255
199 7917 2204 1660 176840352 512262402 554300325 -742958365
199 7902 2236 1688 177064730 512262402 554300325 -742958529
199 7937 2222 1720 177064730 512402430 554124261 -742939862
199 7930 2236 1738 177290018 512540814 553945894 -742923695
199 7919 2228 1686 177742431 512820137 553588687 -742889142
199 7942 2241 1692 177965467 512820137 553588687 -742889094
199 7917 2235 1707 177965467 512960463 553410347 -742871690
199 7898 2242 1685 178188419 513096594 553237128 -742853254
199 7924 2236 1722 178631141 513369996 552887362 -742818356
199 7906 2233 1716 178847205 513369996 552887362 -742818438
199 7891 2223 1718 178847063 513509366 552711565 -742800975
199 7877 2231 1721 179066204 513646318 552531573 -742787399
199 7903 2233 1686 179503890 513922160 552184062 -742770028
199 7898 2233 1714 179722770 513922160 552184062 -742749375
199 7941 2223 1692 179722777 514057768 552007335 -742733964
199 7907 2234 1703 179945001 514194541 551829900 -742717333
199 7916 2223 1685 180385757 514472684 551478680 -742698876
199 7908 2239 1653 180599005 514472684 551478680 -742678670
199 7931 2236 1713 180599035 514613355 551305383 -742658039
199 7914 2228 1700 242862242 552033718 499013394 -735007304
199 7875 2219 1713 242862242 552092409 498924690 -734988138
199 7915 2208 1731 242967224 552150212 498833807 -734971707
199 7890 2188 1714 243183859 552267957 498643345 -734940777
199 7892 2221 1695 243289144 552267957 498643345 -734940837
199 7927 2209 1692 243289144 552330903 498546857 -734924147
199 7904 2237 1696 243400440 552392249 498452371 -734905278
199 7915 2235 1680 243603782 552512485 498274412 -734868208
199 7910 2217 1741 243704550 552512485 498274412 -734868197
199 7909 2224 1699 243704550 552568613 498179509 -734856926
199 7936 2221 1752 243807497 552630980 498087393 -734838321
199 7912 2212 1730 244017384 552744172 497900537 -734810115
199 7897 2217 1740 244125287 552744172 497900537 -734810151
199 7877 2249 1717 244125287 552800276 497809556 -734793746
199 7888 2224 1751 244225069 552858802 497719311 -734777689
199 7910 2231 1710 244429434 552977196 497533925 -734746269
199 7904 2198 1716 244534792 552977196 497533925 -734746195
199 7931 2201 1695 244534792 553038250 497442335 -734727200
199 7899 2218 1674 244639870 553099824 497349072 -734709006
199 7919 2203 1685 244853346 553218600 497168246 -734671029
199 7903 2200 1678 244954978 553218600 497168246 -734670851
199 7896 2245 1702 244955109 553280916 497075123 -734653014
199 7893 2231 1715 245050602 553340853 496988412 -734634689
199 7903 2204 1709 245253259 553456921 496809245 -734620102
199 7923 2206 1722 245357707 553456921 496809245 -734600813
199 7928 2200 1668 245357769 553518681 496715106 -734583041
199 7876 2222 1685 245461227 553584367 496623852 -734560677
199 7923 2221 1697 245665495 553700645 496448650 -734478210
199 7919 2201 1700 245767639 553700645 496448650 -734523181
199 7917 2239 1725 245767588 553765511 496356866 -734502157
199 7909 2212 1696 245868781 553817328 496269092 -734488531
199 7892 2244 1701 246071069 553931041 496094946 -734404360
199 7883 2229 1688 246172189 553931041 496094946 -734452681
199 7929 2216 1698 246172356 553985962 496008548 -734435668
199 7899 2244 1677 274617996 570022803 470306728 -728966424
199 7891 2238 1693 274662733 570053077 470267611 -728951131
199 7870 2203 1729 274759876 570109729 470181042 -728926113
199 7893 2193 1672 274807678 570109729 470181042 -728926059
199 7886 2211 1715 274807678 570141546 470136477 -728911898
199 7902 2206 1685 274857352 570171678 470092021 -728898271
199 7903 2213 1692 274954224 570228735 470004428 -728873689
199 7921 2225 1702 274999569 570228735 470004428 -728873588
199 7951 2152 1623 274999569 570259109 469960773 -728860866
199 7850 2297 1817 275047919 570287914 469917878 -728847742
199 7839 2185 1765 275182182 570267258 469840838 -728862879
199 7778 2211 1643 275269584 570267258 469840838 -728862890
199 7797 2230 1562 275269584 570243791 469812643 -728866421
199 7847 2177 1513 275365828 570228500 469774874 -728866374
199 7942 2217 1485 275605368 570151472 469653397 -728914234
199 7890 2247 1612 275713912 570151472 469653397 -728914379
199 8087 1976 1610 275714013 570120242 469579421 -728945378
199 8012 1572 1620 275826605 570056092 469512684 -728995940
199 8013 1247 1351 276056606 569686406 469497823 -729208300
199 8095 1231 1298 276117534 569686406 469497823 -729207410
199 8006 1637 1608 276117668 569374815 469557576 -729389156
199 8164 2117 2136 276010451 569084414 469670793 -729583450
199 8307 2499 2421 275447683 568678905 469995302 -729903984
199 7947 2851 2617 275029891 568678905 469995302 -729903280
199 7699 3111 2918 275029777 568644278 470175952 -729971496
199 7514 3204 2987 274725604 568590786 470345385 -730018551
199 7432 3088 2270 274716202 568368655 470744021 -729890539
199 7390 2888 1574 274861610 568368655 470744021 -729938115
199 7488 2927 1312 274861647 568381267 470886997 -729781304
199 7605 2800 1215 275041548 568494391 470936006 -729593762
199 7575 2725 1120 275494675 568943623 470745157 -729198036
199 7794 2534 1174 275759123 568943623 470745157 -729195680
199 7987 2210 1071 275759266 569196477 470553671 -729021911
199 7923 2226 1238 276052051 569427062 470330746 -728874872
199 -2537 -29846 -2532 661907564 -268916462 -781746059 177077244
199 -2815 -29406 -2873 652235237 -311139425 -763920213 217090414
199 -3086 -29063 -3088 646086582 -311139425 -763920213 217090475
199 -3299 -28836 -2960 646086582 -331915660 -754305836 237376743
199 -3503 -28681 -2472 639097592 -352381896 -744149704 257959973
199 -3775 -28520 -1505 622903728 -392340030 -721804108 299966226
199 -3970 -28371 -156 613899417 -392340030 -721804108 299966455
199 -4224 -28219 1333 613899417 -411928391 -709365424 321191473
199 -4603 -28061 2872 604329855 -431385716 -695997008 342345848
199 -4978 -28136 3943 583438079 -470406214 -666310257 383757041
199 -5411 -28256 4570 571941375 -470406214 -666310257 383756801
199 -5863 -28455 4572 571941297 -490130910 -650006153 403816087
199 -6220 -28740 4116 559626471 -510014486 -632714102 423434556
199 -6551 -29405 3187 532212219 -550131431 -595000683 461538701
199 -6790 -30604 1978 516958459 -550131431 -595000683 461519333
199 -6972 -32124 234 516958359 -570309929 -574470065 480005219
199 -7260 -32768 -1732 500570798 -590480323 -552748795 498147290
199 -7758 -32768 -3684 464216693 -630110204 -505301935 533881845
199 -8267 -32768 -5459 444248949 -630110204 -505301935 533904181
199 -8755 -32768 -6921 444248950 -649121651 -479236938 551847260
199 -9043 -32768 -8029 423162636 -667272623 -451329702 570001168
199 -9173 -32768 -8787 378021064 -700023964 -389190446 607026451
199 -9327 -32768 -9047 354208456 -700023964 -389190446 607055017
199 -9435 -32768 -8815 354208316 -714209787 -354649865 625765413
199 -9226 -32768 -8606 329740674 -726774975 -317636794 644277605
199 -8700 -32768 -7988 279153199 -746763704 -236483280 679276719
199 -8291 -32768 -6520 253182767 -746763704 -236483280 679271414
199 -7601 -32768 -5061 253182815 -754206240 -192764554 694859218
199 -6882 -32768 -4128 226758103 -760154757 -147435008 708466078
199 -6558 -32768 -3987 172187770 -768198143 -53762432 728186389
199 -6453 -32768 -5210 143876218 -768198143 -53762432 728181257
199 -6683 -32768 -7253 143893600 -770374275 -6037234 733959708
199 -7218 -32768 -9620 114954900 -771049756 42141922 737161229
199 -7757 -32768 -11918 55811199 -766498219 140292167 737986819
199 -7138 -32768 -19023 151543164 -935477891 163932783 477445728
199 -5733 -32768 -18619 131131690 -926396831 221084511 478149891
199 -4393 -32768 -18008 90285261 -899605209 333575697 476928305
199 -3266 -32768 -17468 69706957 -899605209 333575697 473496191
199 -2428 -32768 -17224 69671699 -882548173 387791757 467744372
199 -2066 -32768 -17059 48835635 -863410588 440096648 459744781
199 -1789 -32768 -16768 27784327 -842363990 490240231 449698782
199 -1656 -32768 -16120 6592903 -819517717 538056884 437899583
199 -1565 -32768 -14901 -14681002 -794990672 583426802 424619765
199 -1279 -32768 -13391 -36055452 -768929037 626198065 410169578
199 -922 -32768 -12070 -57599344 -741522040 666195523 394875133
199 -726 -32768 -11324 -79389771 -713006910 703272825 379000962
199 -864 -32768 -11311 -101449044 -683578457 737410498 362726918
199 -1261 -32768 -12402 -123705997 -653349481 768721668 346143278
199 -1802 -32768 -14250 -145892609 -622298092 797439901 329343698
199 -2659 -32768 -15999 -167545347 -590289912 823870089 312477158
199 -3700 -32768 -17513 -188206425 -557145893 848365703 295567514
199 -4366 -32768 -18801 -207441039 -522718840 871271430 278454972
199 -4980 -32768 -18968 -224727612 -486924651 892853215 261022867
199 -5151 -32768 -17947 -239814837 -449756481 913241297 243138266
199 -4890 -32768 -15645 -252685871 -411370604 932386003 224718373
199 -4420 -32768 -11707 -263632268 -372069244 950079873 205739376
199 -3439 -32768 -7091 -273391782 -332248817 965957394 186311581
199 -2249 -32768 -2604 -282700891 -292342077 979649742 166796050
199 -1412 -32768 1020 -292271915 -252750214 990863563 147656199
199 -1099 -32768 3024 -302619109 -213723625 999469986 129315246
199 -1313 -32768 3160 -313842240 -175312471 1005549931 112057979
199 -1663 -32768 1597 -325596467 -137431310 1009357351 96003154
199 -2140 -32768 -374 -337222712 -99949190 1011255130 81077378
199 -2318 -32768 -2133 -348222066 -62777713 1011544994 67057469
199 -2463 -32768 -3076 -358219982 -25887085 1010465837 53729428
199 -2391 -32768 -3336 -367150109 10729617 1008130907 40958635
199 -2071 -32768 -3421 -375059468 47035508 1004596686 28696889
199 -1646 -32768 -3466 -382041054 82957425 999897317 16973443
199 -5370 -31884 -10326 -285957391 442164138 934848328 41211065
199 -6021 -32355 -10256 -287430177 473528870 919201966 33800544
199 -6664 -32768 -10125 -288191755 504889377 902395959 25181307
199 -7371 -32768 -9590 -288246853 536243157 884333574 15210908
199 -8082 -32768 -8802 -287706944 567568476 864868011 3757571
199 -8718 -32768 -7785 -286708898 598814012 843833678 -9185715
199 -9333 -32768 -6601 -285429383 629876740 821065193 -23599774
199 -9649 -32768 -5216 -284001190 660625033 796419404 -39413318
199 -9998 -32768 -2990 -282511311 690886802 769796497 -56526517
199 -9720 -32768 -589 -281224044 720494363 741049493 -74601472
199 -8717 -32768 1897 -280158466 749292538 710147426 -93172486
199 -7613 -32768 4554 -279180612 777086375 677227028 -111699867
199 -6529 -32768 6648 -278290267 803695254 642471269 -129527577
199 -5783 -32768 7962 -276863312 852934753 568252805 -146050763
199 -5287 -32768 8527 -276863312 852934753 568252843 -160798046
199 -5057 -32768 8116 -276175536 875532785 529136004 -173501746
199 -5069 -32768 6459 -275170024 896829490 488899789 -184048150
199 -5426 -32768 3478 -270774703 935675338 405473094 -192526527
199 -6311 -32768 -462 -270774703 935675338 405473032 -199255462
199 -7221 -32768 -4798 -266986292 953138876 362259953 -204769719
199 -8273 -32768 -8610 -262082752 969117061 317866667 -209770528
199 -9251 -32768 -11649 -249632017 995728783 224706878 -214883085
199 -9849 -32768 -14233 -249632017 995728783 224696837 -220537764
199 -10053 -32768 -16227 -242521036 1005838630 175577192 -227072519
199 -9948 -32768 -17759 -235165989 1013424464 124686617 -234600979
199 -9741 -32768 -18686 -220899408 1019991278 17874572 -242978220
199 -9425 -32768 -19311 -220899408 1019991278 17847736 -251829462
199 -8688 -32768 -19949 -214476208 1018588843 -37819763 -260693597
199 -8144 -32768 -19644 -208680143 1013839449 -94579926 -269352933
199 -7960 -32768 -18390 -198871590 993982775 -209856891 -277603356
199 -7489 -32768 -16605 -198871590 993982775 -209909794 -285130622
199 -6922 -32768 -14117 -194609657 978887388 -267717826 -291799005
199 -6421 -32768 -10651 -190553003 960459680 -324995864 -297484793
199 -5662 -32768 -6614 -181840340 914678598 -436085998 -301931123
199 -2067 -32768 -15429 -170723131 680189211 -797989502 -155972109
199 -2935 -32768 -17338 -153853537 648543219 -827757852 -153153968
199 -3963 -32768 -18479 -122730096 580705292 -882369302 -150751861
199 -4548 -32768 -18861 -122730096 580705292 -882344250 -148680341
199 -4818 -32768 -18325 -109419148 544145681 -907356010 -146821382
199 -4993 -32768 -16504 -97965230 505806240 -930838566 -144985900
199 -4670 -32768 -13637 -79613629 424578151 -969522269 -142875084
199 -3833 -32768 -10093 -79613629 424578151 -972943175 -140338979
199 -2600 -32768 -6230 -71665460 382504904 -991260860 -137384101
199 -1445 -32768 -2728 -63581892 340216113 -1007537741 -134151408
199 -582 -32768 -385 -44581117 256956563 -1038467302 -130871643
199 -363 -32768 890 -44581117 256956563 -1033704028 -127909507
199 -281 -32768 592 -33236471 216488912 -1043644653 -125510788
199 -474 -32768 -819 -20883042 176877548 -1051611519 -123737115
199 -329 -32768 -3017 5459068 99999228 -1057734706 -122444835
199 -282 -32768 -4525 5459068 99999228 -1062133724 -121499181
199 -481 -32768 -5128 18665050 62600152 -1064922307 -120802307
199 -699 -32768 -5358 31721992 25812678 -1066198182 -120286533
199 -793 -32768 -5280 56968996 -46044528 -1066037392 -119973941
199 -868 -32768 -5151 56968996 -46044528 -1064505157 -119930761
199 -778 -32768 -5135 69051993 -81126976 -1061660652 -120196320
199 -602 -32768 -5253 80832757 -115587366 -1057563501 -120770037
199 -621 -32768 -5444 103696013 -182489810 -1052274366 -121629435
199 -745 -32768 -5731 103696013 -182489810 -1045844833 -122774808
199 -940 -32768 -6062 114766463 -214961630 -1038321087 -124217518
199 -1286 -32768 -6378 125551876 -246853342 -1029737602 -125941173
199 -1650 -32768 -7012 146207290 -309216993 -1020111258 -127915228
199 -2185 -32768 -7849 146207290 -309216993 -1009456055 -130105162
199 -2977 -32768 -8777 155818903 -339945780 -997773459 -132386047
199 -3730 -32768 -9869 164782353 -370603934 -985039252 -134602235
199 -4441 -32675 -10982 180405120 -432284298 -971224095 -136519748
199 -5402 -32550 -12547 180405120 -432284298 -956297473 -137840248
199 -5411 -31431 -17808 187490156 -463437527 -940207260 -137854447
199 -5366 -32768 -17358 194233469 -494797026 -923079416 -135255365
200 -4372 -32768 -6424 191858057 -451525481 -934870809 -195581010
200 -5058 -32768 -7801 203784501 -483045574 -916710737 -194165860
200 -6908 -32768 -9460 225671891 -545777812 -876334160 -190150431
200 -6908 -32768 -11019 235541317 -577246868 -876334160 -190150431
200 -7790 -32768 -12452 235541317 -577246971 -853991744 -186880100
200 -8668 -32768 -13776 244699865 -608874663 -830122570 -182235616
200 -10467 -32768 -14818 261333825 -672445932 -777445926 -167386150
200 -10467 -32768 -16864 269301978 -704055276 -777445926 -167386150
200 -11768 -32768 -14837 269301978 -704055150 -748490739 -156407332
200 -12756 -32768 -12948 277329535 -735270133 -717558337 -143159476
200 -11916 -32768 -12508 294656958 -795343875 -649045449 -110737766
200 -11916 -32768 -11059 304013829 -823521539 -649045449 -110737766
200 -11123 -32768 -8908 304013829 -823521783 -611401212 -92157390
200 -9888 -32768 -6796 313764311 -850029046 -571503722 -72819045
200 -7612 -32768 -4896 333490702 -897185980 -485339932 -34676462
200 -7612 -32768 -3748 343224818 -917456060 -485339932 -34676462
200 -7098 -32768 -3854 343224818 -917455939 -439428486 -17025719
200 -6835 -32768 -5174 352604133 -935435713 -391849149 -691368
200 -7522 -32768 -6955 369028122 -964543868 -292480339 29057590
200 -7511 -32768 -8831 375785250 -975619452 -292480339 29057590
200 -7959 -32768 -10784 375785250 -975610588 -240890218 43091548
200 -8493 -32768 -12673 381464543 -984254519 -188124043 57030755
200 -9463 -32768 -14727 389589320 -993771329 -79174734 85350343
200 -9270 -32768 -16854 392092639 -994295617 -79174734 85350343
200 -9451 -32768 -18614 392092639 -994285346 -23154586 100189942
200 -9349 -32768 -19800 393743820 -991652724 33738946 115611317
200 -7596 -32768 -20446 394854786 -976151058 149316643 147769671
200 -7453 -32768 -20408 394364645 -963109394 149316643 147769671
200 -6125 -32768 -19655 394364645 -963085983 207317266 163931710
200 -4778 -32768 -18034 393136459 -946544228 264891594 179560977
200 -2473 -32768 -15620 387897363 -904023903 377030659 207452528
200 -2345 -32768 -12512 383426052 -878792543 377030659 207452528
200 -1234 -32768 -8838 383426052 -878828849 430772800 219070376
200 -336 -32768 -5193 377279545 -851695648 482457234 228960773
200 -10294 -32768 -22595 -157104500 565902502 867208923 236516044
200 -9722 -32768 -24019 -168243435 603336776 841720171 228263590
200 -12570 -32768 -19507 -186599426 678576313 785627777 201049894
200 -13115 -32768 -12339 -196434819 712130745 785627777 201049894
200 -10570 -32768 -12249 -196434819 715473648 754025973 184044163
200 -8942 -32768 -11649 -206975221 751018079 720410498 164492865
200 -8763 -32768 -7472 -230743295 815976676 647631353 120119543
200 -7240 -32768 -3501 -243427583 815976676 647631353 120119543
200 -6274 -32768 2484 -243427408 844859090 608611624 97281075
200 -5384 -32768 7767 -256095263 871165371 568043488 75686861
200 -5565 -32768 11490 -283923148 915495643 481981988 43188835
200 -3010 -32768 8624 -298464323 915495643 481981988 43188835
200 -4219 -32768 3933 -298464323 933738178 436891857 33081807
200 -7327 -32768 -906 -311723002 949896960 390888660 25449228
200 -8919 -32768 -6423 -332859308 977146954 295218539 12307135
200 -10250 -32768 -10882 -340942465 977146954 295218539 12306975
200 -11237 -32768 -14393 -340942465 988151685 245383213 4266785
200 -11507 -32768 -17224 -347968196 997069243 194054461 -5487811
200 -11794 -32768 -18471 -360113232 1007309111 87114476 -31190468
200 -11611 -32768 -18692 -365734274 1007309111 87114476 -31190300
200 -10804 -32768 -18132 -365734274 1007951376 31654616 -46740333
200 -9349 -32768 -17073 -371032367 1005285929 -24834017 -63497756
200 -7609 -32768 -15598 -379696522 989819503 -139361270 -97872562
200 -5749 -32768 -14249 -382509909 989819503 -139361270 -97872401
200 -3945 -32768 -13005 -382509909 977239512 -196515782 -113944307
200 -2626 -32768 -11964 -383966304 961747807 -253011856 -128486984
200 -1640 -32768 -10805 -381840470 923363313 -362618038 -151723042
200 -881 -32768 -9576 -377883610 923363313 -362618038 -151723224
200 -532 -32768 -7808 -377883610 901148200 -415083637 -160485942
200 -402 -32768 -6142 -371791376 877351549 -465681094 -167574891
200 -577 -32768 -4845 -352513015 826273001 -560606324 -177920996
200 -977 -32768 -4579 -339083255 826273001 -560606324 -177887134
200 -1371 -32768 -5863 -339083162 799461936 -604793583 -181725369
200 -1485 -32768 -8735 -323194868 771937013 -646769099 -185106806
199 -1865 -32768 -4059 -25378027 -42084993 -1058374955 -171690232
199 -1967 -32768 -1936 -25378040 -82116872 -1056603427 -170649928
199 -2081 -32768 192 -11791035 -121363484 -1053164617 -169987387
199 -2179 -32768 1554 16246701 -197154811 -1041419865 -170935913
199 -2573 -32768 2055 30732717 -197154811 -1041419865 -170969097
199 -3003 -32768 1603 30732730 -233707166 -1033171553 -172953198
199 -3569 -32768 450 45391826 -269490547 -1023365163 -175948894
199 -4312 -32768 -1161 74598203 -339423588 -999069247 -184416473
199 -5024 -32768 -3345 88772923 -339423588 -999069247 -184410424
199 -5984 -32768 -5637 88773005 -373959009 -984535111 -189431800
199 -6809 -32768 -8257 102429244 -408490495 -968342149 -194620004
199 -7816 -32768 -10962 127196798 -478418012 -930695416 -204098990
199 -8727 -32768 -13755 138075774 -478418012 -930695416 -204114306
199 -9417 -32768 -16396 138063412 -514162746 -909072348 -207561678
199 -9289 -32768 -29002 148334352 -550447882 -885524489 -209211347
199 -10427 -32768 -26764 168681379 -624245278 -833055298 -206915591
199 -5914 -32768 -26998 176283555 -624245278 -833055298 -201993824
199 -7968 -32768 -26670 176240407 -661853910 -804000704 -193363340
199 -11017 -32768 -22693 182575507 -699576478 -772871528 -181233875
199 -12724 -32768 -14709 196926184 -772913689 -703191294 -149366953
199 -12136 -32768 -12629 206101224 -772913689 -703191294 -149205648
199 -11543 -32768 -11174 206052372 -807232103 -664747308 -130173047
199 -11387 -32768 -7677 216456844 -839317876 -624184117 -109548798
199 -10384 -32768 -4107 228127275 -868869503 -581476210 -88451512
199 -8588 -32768 -603 240298134 -895757187 -536837723 -67790844
199 -7334 -32768 1489 252516948 -919834496 -490611911 -48521550
199 -6284 -32768 1947 265193316 -940920103 -442991940 -31860069
199 -4150 -32768 -1365 278639890 -958987773 -394036627 -18781974
199 -5095 -32768 -4378 291741721 -974268161 -344290286 -8259034
199 -6971 -32768 -6819 303811517 -987037720 -293888934 578494
199 -7425 -32768 -9647 314611584 -997498345 -242612453 8472055
199 -8003 -32768 -11571 323968396 -1005682852 -190500822 16487155
199 -8359 -32768 -13220 332057158 -1011494640 -137514158 24944639
199 -8253 -32768 -14977 339023829 -1014808606 -83614425 33918164
199 -1978 -32768 -6552 144221216 -240051468 1015973887 192795883
199 -1927 -32768 -6411 148064856 -197188845 1026695000 194959758
199 -1916 -32768 -6312 134899052 -154647588 1035408283 196811578
199 -1882 -32768 -6065 121630620 -112483735 1042172641 198364535
199 -1876 -32768 -5490 108370485 -70758760 1047047617 199648130
199 -1743 -32768 -4685 95129011 -29537085 1050100083 200716325
199 -1808 -32768 -3607 81949751 11071942 1051393526 201625008
199 -1910 -32768 -2471 68773660 50998275 1051000016 202454430
199 -2032 -32768 -1217 55553570 90167132 1048984373 203310278
199 -2179 -32768 -64 42298399 128543705 1045394488 204346358
199 -2445 -32768 932 29024184 166105046 1040273381 205712933
199 -2662 -32768 1487 15710143 202853878 1033661889 207524666
199 -2956 -32768 1548 2407009 238815854 1025593653 209854268
199 -3324 -32768 1241 -10834677 274033767 1016101331 212711551
199 -3679 -32768 465 -23996556 308579348 1005203787 216074859
199 -4185 -32768 -746 -36987441 342558174 992912689 219841495
199 -4826 -32768 -2210 -49745557 376101534 979217959 223886720
199 -5448 -32768 -4164 -62195560 409367740 964092465 228025244
199 -6084 -32768 -6389 -74170583 442524274 947499325 232025850
199 -6737 -32768 -8738 -85561881 475734897 929385295 235623297
199 -7252 -32768 -11140 -96350579 509122555 909692131 238517923
199 -8427 -32768 -13981 -106512374 542744042 888387926 240355062
199 -7071 -32768 -22985 -117100969 576493577 865498272 240363711
199 -8928 -32768 -21013 -138282883 644824695 815261331 236697945
199 -7263 -32768 -22823 -138282883 644824695 815261378 230969108
199 -10865 -32768 -21745 -146585467 679657737 787662557 221549773
199 -11003 -32768 -16627 -154901321 714550503 758022395 209148786
199 -11806 -32768 -11844 -173779896 782268042 692218907 194308626
199 -10591 -32768 -11144 -173779896 782268042 692250874 177659645
199 -10159 -32768 -8620 -185070586 813961993 656399632 158967928
199 -9660 -32768 -4386 -197887064 843614189 618661898 139030334
199 -7796 -32768 832 -226254621 895913141 537712252 119000894
199 -5597 -32768 5809 -226254621 895913141 537665309 99902675
199 -5165 -32768 9128 -240277798 918312871 495010659 82757873
199 -2414 -32768 -371 -43501140 -134509132 -1044139146 -201390340
199 -2088 -32768 -107 -43501140 -134509132 -1044142769 -206639270
199 -2004 -32768 -347 -25551281 -173412749 -1037774230 -212647423
199 -2094 -32768 -1674 -7365811 -211027829 -1029630930 -219527694
199 -2550 -32768 -3926 29474863 -282725147 -1008313399 -227232628
199 -3239 -32768 -6923 29474863 -282725147 -1008275947 -235577510
199 -4215 -32768 -9888 47618982 -317304282 -995136336 -244281725
199 -5413 -32768 -12700 65171905 -351508481 -980359720 -252999398
199 -6714 -32768 -15176 97532236 -420320767 -945685357 -261372539
199 -8873 -32768 -19429 97532236 -420320767 -945716528 -268993480
199 -10113 -32768 -25781 113093591 -455426442 -926003594 -274286569
199 -11048 -32768 -25006 128510176 -491244535 -904794401 -276459768
199 -7886 -32768 -27532 156445256 -565877205 -856295140 -276563825
199 -6663 -32768 -32040 156445256 -565877205 -856358911 -273633962
199 -11351 -32768 -31344 166655533 -604779823 -829761692 -266234214
199 -14686 -32768 -24267 175475366 -644742745 -801088602 -254340754
199 -15152 -32768 -16540 193106042 -725053470 -735490956 -238957938
199 -12235 -32768 -14395 193106042 -725053470 -735508503 -221245937
199 -11309 -32768 -14571 202722849 -763541243 -698959540 -200693963
199 -12636 -32768 -12310 213467276 -799837692 -660413780 -177366114
199 -11542 -32768 -9736 239840334 -864221474 -586000050 -152581745
199 -9877 -32768 -4019 239840334 -864221474 -576511915 -127062067
199 -7238 -32768 2009 254546177 -891718353 -531493009 -102336905
199 -5673 -32768 7765 270007221 -915695819 -484920636 -79767333
199 -4012 -32768 9302 302507160 -953328723 -386562947 -61284773
199 -3698 -32768 7050 302507160 -953328723 -387749604 -47105927
199 -5296 -32768 2971 317131988 -967920604 -337884093 -36150710
199 -7007 -32768 -1540 329677406 -980260801 -287361373 -27219385
199 -8055 -32768 -5682 348777918 -998644142 -168971078 -19184647
199 -9019 -32768 -8732 348777918 -998644142 -184004057 -11059822
199 -9840 -32768 -10984 355708595 -1004590622 -131071242 -2282276
199 -10147 -32768 -12714 361171972 -1008192559 -77220370 7422697
199 -10128 -32768 -14131 368280218 -1007614431 27872127 18215937
199 -9578 -32768 -15794 368280218 -1007614431 33150243 29976197
199 -10230 -32768 -23435 -167916128 708712350 772058619 162401798
199 -10144 -32768 -20740 -184066262 778340096 738730757 151167947
199 -10878 -32768 -17047 -184066262 778340096 703057279 137599063
199 -10016 -32768 -15565 -193231367 811442896 664962746 122322448
199 -9219 -32768 -13313 -203496695 842684532 624716292 105437828
199 -8415 -32768 -9406 -227249612 898070062 582467536 87671717
199 -7127 -32768 -4764 -227249612 898070062 538354850 70121862
199 -6571 -32768 -157 -239890826 921838451 492639516 53739166
199 -6232 -32768 2295 -252666405 942894546 445485905 39590528
199 -5922 -32768 1830 -276907905 977314991 397018749 28212796
199 -5952 -32768 -1151 -276907905 977315002 347443530 19399205
199 -6869 -32768 -4631 -287153170 991020396 296959046 12370522
199 -8773 -32768 -8125 -303152929 1011757775 193287493 679638
199 -8773 -32768 -11020 -309078604 1018705359 193287493 679638
199 -9360 -32768 -13571 -309078604 1018705251 139990853 -5329032
199 -9521 -32768 -15833 -313714985 1023234164 85698895 -12081785
199 -9487 -32768 -17539 -319993813 1024231226 -25594758 -28530683
199 -9068 -32768 -18572 -322133110 1020258618 -25594758 -28530683
199 -8295 -32768 -19024 -322133110 1020258731 -82291091 -38011531
199 -7268 -32768 -19126 -323719287 1013112893 -139346998 -48004741
199 -4898 -32768 -19233 -324868568 989265384 -253194511 -67974186
199 -4898 -32768 -19525 -324210500 972722152 -253194511 -67974186
199 -3626 -32768 -19839 -324210500 972721936 -309247160 -77325992
199 -2676 -32768 -19612 -322696463 953285710 -364164857 -86087018
199 -963 -32768 -18870 -317234679 906507301 -469411452 -100865283
199 -963 -32768 -17246 -313259487 879690021 -469411452 -100865283
199 -484 -32768 -14810 -313259487 879690051 -519198509 -106590211
199 -276 -32768 -12119 -308265289 851016873 -566828819 -111189005
199 -462 -32768 -9488 -294230007 789467110 -655195396 -117496432
199 -462 -32768 -7742 -284772204 757157862 -655195396 -117496432
199 -671 -32768 -7080 -284772204 757169328 -695868392 -119511611
199 -1044 -32768 -7772 -273622289 724118510 -734195062 -121068775
199 -2455 -32768 -9309 -247149404 655870879 -803964385 -123730351
199 -2531 -32768 -11089 -232705819 620415903 -803964385 -123730351
199 -9039 -32768 -20402 125296833 -695041682 -776499116 -226239004
199 -9256 -32768 -12274 141964150 -768845190 -710284174 -192706391
199 -9379 -32768 -9893 152809910 -803120518 -710284174 -192706391
199 -8012 -32768 -8928 152809910 -803129052 -674275541 -172919292
199 -7517 -32768 -2803 165258911 -835023957 -636757156 -151262260
199 -5961 -32768 4577 192370711 -890776766 -557437346 -108118970
199 -6002 -32768 14587 206160170 -907553982 -557437346 -108118970
199 -6528 -32768 21675 206160170 -914359722 -515928324 -90436308
199 -3768 -32768 19617 221524031 -934860779 -472893335 -79065215
199 -3149 -32768 10711 251659410 -968030811 -384057175 -70721870
199 -7106 -32768 2741 263653785 -984808027 -384057175 -70721870
199 -10110 -32768 -4302 263653785 -981909958 -338344141 -69140666
199 -11125 -32768 -10128 273588813 -994376218 -291220672 -66881437
199 -11862 -32768 -14250 289703854 -1014325480 -192303784 -56138083
199 -11691 -32768 -17756 297077646 -1014325480 -192303784 -56138083
199 -11474 -32768 -19716 297077646 -1021126672 -140559950 -46949675
199 -11792 -32768 -19638 304455251 -1025347445 -87545098 -34943123
199 -11804 -32768 -18220 320066951 -1024679635 21959116 -4545616
199 -10682 -32768 -16731 328031473 -1007902419 21959116 -4545616
199 -8817 -32768 -15440 328031473 -1019344300 78057496 12369597
199 -7155 -32768 -13879 335619727 -1010606905 134434886 29553161
199 -5631 -32768 -12315 348578831 -983323844 246380640 61454461
199 -4175 -32768 -11146 353430196 -966546628 246380640 61454461
199 -3305 -32768 -9603 353430196 -965210992 301198462 75150962
199 -3003 -32768 -7660 356871795 -944497769 354811728 87114057
199 -2906 -32768 -5473 358550272 -896463986 457618096 106274553
199 -2962 -32768 -3085 356279365 -896463986 457618096 106274553
199 -3182 -32768 -1175 356279365 -869740845 506481751 114048677
199 -3554 -32768 -264 351615771 -841579535 553519942 121001104
199 -3767 -32768 -866 334668445 -781710978 641890642 133481484
199 -4126 -32768 -2687 322652851 -781710978 641890642 133481501
199 -4308 -32768 -5452 322652851 -750112263 683142301 139497095
199 -4186 -32768 -8727 308774664 -717333404 722355581 145635380
199 -4282 -32768 -11808 277579991 -647822346 794364593 158672535
199 -14094 -32768 -32768 -163819807 743827222 717127422 247320035
199 -10929 -32768 -32768 -163819807 778174690 680834445 238722967
199 -14270 -32768 -32496 -170933296 812913992 642651716 223309772
199 -13125 -32768 -26324 -189152301 878865814 558034875 182556421
199 -13311 -32768 -17724 -200290139 878865814 558034875 182556526
199 -12742 -32768 -15625 -200290139 908551069 511929226 158933761
199 -11839 -32768 -16267 -213794108 935022161 463655729 134018471
199 -10561 -32768 -10925 -246697712 976692595 361833249 84854012
199 -4777 -32768 -7143 -264876528 976692595 361833249 84853809
199 -4032 -32768 -541 -264876435 991437315 309459031 63561228
199 -4914 -32768 3140 -284220701 1002079575 256406863 47157836
199 -3987 -32768 1692 -320064582 1013776724 148301857 27182406
199 -5989 -32768 -373 -333913414 1013776724 148301857 27135881
199 -7408 -32768 -3618 -333913449 1015973866 93915582 19839240
199 -7038 -32768 -7401 -345414389 1015820923 39154619 13365236
199 -7929 -32768 -8883 -362756879 1008120063 -70826098 -167866
199 -8218 -32768 -9797 -368792335 1008120063 -70826098 -189904
199 -8306 -32768 -9806 -368792474 1000488325 -125978913 -7708051
199 -8446 -32768 -9070 -373122457 990274297 -181091703 -16030237
199 -7302 -32768 -9035 -376024442 962218081 -290616111 -34626879
199 -5966 -32768 -9563 -374195322 962218081 -290616111 -34622033
199 -4280 -32768 -10799 -374195322 944617880 -344394912 -44513822
199 -2471 -32768 -12816 -370112012 924820486 -397128708 -54106035
199 -1433 -32768 -14536 -355559095 879367434 -498209901 -70697772
199 -711 -32768 -16305 -345200311 879367434 -498209901 -70657978
199 -164 -32768 -18406 -345200280 854111429 -546154830 -77205247
199 -307 -32768 -19971 -333000952 827410108 -592060351 -82964264
199 -1140 -32768 -21576 -304176870 769793195 -677640900 -92845290
199 -2286 -32768 -23701 -288448230 769793195 -677640900 -92810833
199 -3739 -32768 -25556 -288461220 738589267 -717449779 -97253025
199 -5064 -32768 -27304 -272696218 705402440 -755390732 -101712289
199 -6801 -32768 -31003 -244026427 631566418 -826012754 -106347575
199 -8835 -32768 -29112 -232361019 631566418 -826012754 -110426851
199 -6358 -32768 -29694 -232338145 590314002 -858744015 -114118504
199 -6485 -32768 -23178 271043771 -767085851 690042735 133216576
199 -7360 -32768 -23766 261541051 -767085851 690042735 121945436
199 -7850 -32768 -24094 261537438 -730197341 731481740 127512068
199 -7779 -32768 -23705 253153871 -690253020 771160923 133001016
199 -7591 -32768 -21916 246181990 -647292770 808831354 138248289
199 -7165 -32768 -18499 240644235 -601512447 844254725 142902291
199 -6286 -32768 -14079 236186304 -553304421 877201824 146632220
199 -4786 -32768 -8793 232344227 -503242888 907393430 149377820
199 -3265 -32768 -2888 228628771 -452109672 934504949 151460775
199 -1308 -32768 2403 224267565 -400825490 958379843 153185577
199 215 -32768 6117 210597477 -301404256 996676771 154683225
199 1060 -32768 7470 193820261 -301404256 996676771 156064452
199 1043 -32768 6842 200439777 -254398541 1011538339 157520771
199 407 -32768 4756 188378280 -209297950 1023839053 159309604
199 -327 -32768 2418 175031574 -165828438 1033779648 161502193
199 -1156 -32768 922 161068861 -123635001 1041531384 164019455
199 -1958 -32768 24 146923880 -82389008 1047254989 166737723
199 -2367 -32768 -104 132850768 -41834682 1051083950 169535555
199 -2756 -32768 792 119127954 -1834203 1053089130 172417652
199 -2876 -32768 2410 105778912 37626985 1053335718 175494791
199 -2579 -32768 3904 92633044 76451814 1051888921 178951323
199 -2500 -32768 5135 79572094 114454762 1048811528 182982301
199 -2344 -32768 5398 66347715 151482621 1044171880 187818902
199 -2380 -32768 4846 52975742 187472882 1038025848 193571123
199 -2734 -32768 3690 39499050 222451104 1030433736 200204083
199 -3185 -32768 1884 26000513 256552215 1021433745 207600861
199 -4088 -32768 508 12825565 290021665 1011032615 215536773
199 -5044 -32768 -846 61247 323085174 999186260 223970731
199 -6051 -32768 -2834 -12310632 355982328 985839593 232734586
199 -6504 -32768 -5339 -24254484 388967434 970900802 241635395
199 -7099 -32768 -7925 -35408824 422222621 954316027 250349899
199 -7968 -32768 -10290 -45821797 455882632 936011273 258600138
199 -9704 -32768 -16993 -55684992 490027994 915885610 266166986
199 -9246 -32768 -24046 -66374140 524587337 894208888 271500356
199 -3076 -32768 -11146 -243650543 739091664 -735408511 -80428654
199 -3992 -32768 -14704 -228627348 705372272 -772158256 -82872325
199 -4975 -32768 -18324 -212876170 670310341 -806822797 -85566193
199 -6030 -32768 -21186 -197229618 633586962 -839476270 -88682052
199 -6550 -32768 -23708 -182427281 594887186 -870197010 -92214681
199 -6783 -32768 -24969 -169280765 553959228 -898977469 -96070318
199 -7160 -32768 -25481 -158410448 510673866 -925771214 -99913328
199 -6749 -32768 -23584 -150103148 465002872 -950549795 -103019166
199 -6884 -32768 -19864 -144605233 417158300 -973104186 -105132363
199 -6471 -32768 -14671 -141225906 367422326 -993345184 -106006976
199 -4320 -32768 -9280 -138781654 316262320 -1011195791 -105435993
199 -2024 -32768 -3603 -136616929 264565270 -1026374059 -103987153
199 -506 -32768 2018 -133835020 213346195 -1038751004 -102393358
199 512 -32768 4843 -129204909 163417356 -1048474511 -101089758
199 579 -32768 4539 -122086298 115267427 -1055777973 -100294168
199 151 -32768 1525 -112695206 68927473 -1060866025 -100151161
199 -613 -32768 -1679 -102088089 24127736 -1063856546 -100616537
199 -1550 -32768 -3363 -91232996 -19507628 -1064859249 -101437760
199 -2181 -32768 -4051 -69919629 -104310685 -1061408991 -102253554
199 -2327 -32768 -3848 -69919629 -104310685 -1061408786 -102767269
199 -2606 -32768 -2106 -59895534 -145636787 -1057130937 -102936743
199 -2720 -32768 536 -50266491 -186226164 -1051243452 -102955133
199 -2327 -32768 3186 -31144100 -264605148 -1034965714 -103124422
199 -2110 -32768 5555 -31144100 -264605148 -1034965711 -103826020
199 -2033 -32768 6907 -21126915 -302009303 -1024762951 -105473979
199 -2261 -32768 6875 -10544174 -338092237 -1013293765 -108342713
199 -2786 -32768 6012 12008290 -406591730 -986709691 -112522812
199 -3521 -32768 4579 12008290 -406591730 -986680587 -117984948
199 -4365 -32768 2639 23606675 -439398590 -971476844 -124597020
199 -5311 -32768 411 35100974 -471557399 -954911021 -132161008
199 -6242 -32768 -2114 56897126 -534848394 -917285697 -140438187
199 -7213 -32768 -4918 56897126 -534848394 -917269265 -149120476
199 -8205 -32768 -8063 66787194 -566431285 -895932950 -157857547
199 -9208 -32768 -11061 75778171 -598247116 -872721654 -166236559
199 -7600 -32768 -8493 400061240 -980423944 175409487 29438745
199 -6465 -32768 -7401 402470167 -967940355 228339023 43422862
199 -5313 -32768 -7235 403131430 -952999976 280940319 57127687
199 -4268 -32768 -7899 398351099 -916513909 383241120 70224758
199 -3516 -32768 -9006 398351099 -916513909 383976007 82438925
199 -2966 -32768 -10385 392853912 -895291489 433890152 93667276
199 -2962 -32768 -11430 385397643 -872261178 482418020 104006809
199 -2984 -32768 -12982 365047914 -821131846 579765091 113527392
199 -2945 -32768 -15174 365047914 -821131846 574808704 122447088
199 -3162 -32768 -17759 352531010 -793128682 618397901 131029776
199 -3778 -32768 -20294 338990339 -763416235 660110367 139469103
199 -4426 -32768 -22524 311320853 -697934726 733499439 147838090
199 -4954 -32768 -23903 311320853 -697934726 737902939 156147201
199 -5200 -32768 -24354 298553374 -661639494 773955271 164342745
199 -5156 -32768 -23897 287182315 -622787134 808032325 172227885
199 -5165 -32768 -21941 269437559 -537659594 856809401 179520549
199 -4775 -32768 -18342 269437559 -537659594 869895533 185804542
199 -4465 -32768 -13150 262564340 -491913192 897570385 190695329
199 -3636 -32768 -7823 256090214 -444707809 922967974 194161841
199 -2408 -32768 -2758 241788219 -348887564 962626953 196693369
199 -1558 -32768 1544 241788219 -348887564 966014403 198868424
199 -968 -32768 3618 232814698 -301728189 983511391 200947307
199 -691 -32768 3724 222150455 -255688324 998492063 202987245
199 -1000 -32768 2903 197326879 -167113238 1011047863 205130548
199 -1528 -32768 2173 197326879 -167113238 1021280545 207460134
199 -1856 -32768 2115 184248702 -124217098 1029301446 209951781
199 -2155 -32768 2971 171282924 -82061114 1035208263 212581569
199 -2295 -32768 4446 146043328 -10648 1039101956 215384362
199 -2463 -32768 6259 146043328 -10648 1041086067 218473103
199 -2496 -32768 7600 133453515 39701465 1041273260 221998803
199 -2353 -32768 7554 120547345 78357285 1039766506 226127742
199 -2395 -32768 6152 93502205 152311488 1036664536 230911737
199 -2685 -32768 4130 93502205 152311488 1032070823 236237755
199 -3348 -32768 2160 79498542 187836838 1026060776 241902000
199 -10795 -32768 -5945 -349155197 996610693 216135222 113318985
199 -12850 -32768 -8283 -349155197 996610693 164200210 103980097
199 -12644 -32768 -11347 -359151810 1001502734 110870357 92872540
199 -12956 -32768 -13129 -367861364 1004056627 56342194 79300331
199 -12967 -32768 -14200 -383056740 1000442305 733364 63641197
199 -11998 -32768 -15292 -383056740 1000442305 -55925787 46564647
199 -11434 -32768 -15711 -389789395 993639355 -113357620 28418662
199 -10455 -32768 -16576 -395714624 983299698 -171310157 9816254
199 -9198 -32768 -17748 -404268551 951950372 -229423820 -8935423
199 -8368 -32768 -18552 -404268551 951950588 -287230935 -27684921
199 -7357 -32768 -18783 -406872965 930956192 -344322903 -46125480
199 -5652 -32768 -17626 -409227320 878612638 -454846897 -81228148
199 -5652 -32768 -14526 -408903662 847687070 -454846897 -81228148
199 -4687 -32768 -10509 -408903662 847686955 -507624323 -97228034
199 -3755 -32768 -6941 -407048635 814194325 -558377907 -111913644
199 -2970 -32768 -4689 -396440853 741987388 -652911089 -137510888
199 -2970 -32768 -4173 -387153086 704169020 -652911089 -137510888
199 -3284 -32768 -5193 -387153086 704169207 -696480323 -148616113
199 -3774 -32768 -7499 -375321968 665466881 -737543866 -158840068
199 -4712 -32768 -10546 -345948639 585098895 -811918566 -177993278
199 -4712 -32768 -13467 -329762418 543009935 -811918566 -177993278
199 -5368 -32768 -15673 -329762418 543009819 -845128818 -187267516
199 -5727 -32768 -17395 -313449028 499301344 -875702821 -196232850
199 -6322 -32768 -17781 -282951167 406247895 -928794679 -212501088
199 -6322 -32768 -16617 -269451265 356904407 -928794679 -212501088
199 -6026 -32768 -13773 -269451265 356904419 -951182976 -219502130
199 -5643 -32768 -9415 -257120233 306008440 -970712512 -225566518
199 -3634 -32768 -4348 -233848383 202010940 -1001024421 -235312674
199 -3634 -32768 324 -221745889 150499644 -1001024421 -235312674
199 -2954 -32768 4300 -221745889 150521486 -1011793802 -239502130
199 -2271 -32768 6108 -208476722 100301187 -1019847244 -243526622
199 -2788 -32768 6183 -178303028 4803288 -1028447786 -251788891
199 -2799 -32768 5328 -162029260 -40744232 -1028447786 -251788891
199 -3270 -32768 4089 -162029260 -40703530 -1029274389 -256128633
199 -3473 -32768 -12145 406514991 -745096334 646544064 120298455
199 -3208 -32768 -12678 393709643 -710555301 689495734 132716618
199 -3781 -32768 -14552 362392366 -637792701 768400365 156101971
199 -3781 -32768 -14552 344587355 -587461053 768400365 156101971
199 -4727 -32768 -21126 344587355 -599512997 804232096 167240389
199 -5604 -32768 -23841 326355145 -559540847 837614787 178109047
199 -6167 -32768 -25332 292103183 -472995004 896891928 198623668
199 -6196 -32768 -25827 277308861 -422663356 896891928 198623668
199 -5749 -32768 -26262 277308861 -426086505 922689782 207626210
199 -4519 -32768 -23620 264323569 -376886067 945908695 215085098
199 -5226 -32768 -18803 243051011 -273324889 984067185 225269567
199 -4677 -32768 -13720 232975353 -222993241 984067185 225269567
199 -3649 -32768 -8557 232975353 -220283226 999107555 227809008
199 -2664 -32768 -3564 222542989 -167516100 1011328140 229224449
199 -1924 -32768 454 198840538 -65641367 1027485692 230962156
199 -1346 -32768 2307 185001962 -32086935 1027485692 230962156
199 -1059 -32768 2134 185001962 -17406590 1031809891 231855460
199 -1359 -32768 1058 170121448 28939381 1033893467 232816117
199 -1810 -32768 169 139081921 116970360 1031957758 234426767
199 -2203 -32768 201 123657116 167302008 1031957758 234426767
199 -2487 -32768 1506 123657116 159112368 1028185992 234828807
199 -2629 -32768 3906 108547240 200141615 1022651803 235081203
199 -2625 -32768 6830 79190382 278565982 1006533595 236515212
199 -2448 -32768 9536 64600217 312120414 1006533595 236515212
199 -2201 -32768 11265 64600217 315648510 996121159 238443055
199 -2197 -32768 11732 49860154 351113099 984282343 241540089
199 -2310 -32768 10935 19773253 417212833 956617362 251685733
199 -2673 -32768 9099 4591973 417212833 956617362 251685733
199 -3172 -32768 6677 4591973 448104657 940882441 258537124
199 -3664 -32768 3704 -10551283 477831261 923891782 266289406
199 -4271 -32768 514 -40207737 534651884 886061322 283454146
199 -5195 -32768 -2732 -54462258 534651884 886061322 283453963
199 -6283 -32768 -6096 -54462258 562277190 865076347 292303280
199 -7590 -32768 -9278 -68113783 589809032 842538262 300890488
199 -3530 -32768 -5926 -373601230 746211018 -674384321 -41373965
199 -3409 -32768 -7223 -365928085 710193739 -715549360 -51241286
199 -3164 -32768 -10014 -344889858 634978729 -791036364 -70922828
199 -3278 -32768 -13055 -332418688 634978729 -791036364 -70922959
199 -3904 -32768 -15790 -332418688 595725430 -825239586 -80650247
199 -4260 -32768 -18454 -319305043 555150463 -857122927 -90047180
199 -4761 -32768 -20006 -293880876 469308669 -913600952 -107855793
199 -5144 -32768 -20278 -282513112 469308669 -913600952 -107855679
199 -5182 -32768 -19465 -282513112 423822240 -938081922 -116101375
199 -5160 -32768 -17194 -272324596 376678065 -959985602 -123680114
199 -4968 -32768 -13872 -254299401 278527968 -996065220 -136103988
199 -4208 -32768 -10121 -245515060 278527968 -996065220 -136103986
199 -3579 -32768 -6338 -245515060 228513942 -1010188071 -141209742
199 -3019 -32768 -3293 -236209482 178618320 -1021717644 -145980441
199 -2660 -32768 -1570 -214884429 80815158 -1037322386 -155477106
199 -2632 -32768 -919 -202924947 80815158 -1037322386 -155477237
199 -2771 -32768 -1277 -202924947 33276913 -1041569326 -160515015
199 -2849 -32768 -2371 -190361689 -13315080 -1043562077 -165774584
199 -2922 -32768 -3559 -164451844 -103889262 -1041149247 -176321025
199 -2986 -32768 -4295 -151538436 -103889262 -1041149247 -176321228
199 -3160 -32768 -4042 -151538669 -147985822 -1036915637 -181275156
199 -3228 -32768 -2960 -138780493 -191317872 -1030770950 -185922932
199 -3065 -32768 -1460 -113467100 -275286871 -1013080384 -194741420
199 -2914 -32768 448 -100658140 -275286871 -1013080384 -194754753
199 -2807 -32768 2110 -100657970 -315564511 -1001712880 -199442688
199 -2802 -32768 2967 -87524398 -354481198 -988778143 -204742635
199 -3105 -32768 2853 -60262478 -428084586 -958416589 -217858295
199 -3574 -32768 1583 -46403150 -428084586 -958416589 -217873978
199 -4251 -32768 -532 -46403232 -462992464 -940991691 -225696288
199 -5063 -32768 -3306 -32549473 -496900070 -922029902 -234117874
199 -5832 -32768 -6565 -5443492 -562697496 -879243244 -251335009
199 -6813 -32768 -9781 7567964 -562697496 -879243244 -251381353
199 -7877 -32768 -12837 7568082 -595105791 -855233467 -259396985
199 -8841 -32768 -15851 20094702 -627521311 -829323250 -266374257
199 -3816 -32768 -5041 151464871 150173719 1037742726 174686087
199 -4205 -32768 -2912 130496969 234563393 1024602227 175862504
199 -4275 -32768 922 120797641 234563393 1024602227 176238296
199 -3753 -32768 5411 120825179 275899068 1015452819 176226401
199 -3159 -32768 9800 111222374 316167586 1004730891 176359884
199 -3019 -32768 13172 101337057 354991048 992575135 177274542
199 -3000 -32768 14444 90878442 392161737 979106750 179499106
199 -3437 -32768 14058 79887081 427667209 964410303 183170401
199 -3927 -32768 12469 68499353 461673148 948508130 188196663
199 -4320 -32768 10608 57009891 494391986 931402586 194256625
199 -4807 -32768 9155 45711949 526025565 913072011 201064781
199 -5454 -32768 7781 34657127 556723533 893469372 208543291
199 -5779 -32768 5406 23742530 586591789 872535856 216673847
199 -6303 -32768 2523 13079956 615731720 850234107 225222783
199 -6923 -32768 -916 2704122 644273887 826490368 233960327
199 -7541 -32768 -4950 -16877502 700260261 774284343 242540181
199 -8195 -32768 -8963 -16877502 700260261 774284343 250507866
199 -9120 -32768 -12770 -25893798 728085358 745586883 257373245
199 -5692 -32768 -28916 -35925354 755775324 715173739 262600271
199 -10002 -32768 -23193 -47221744 783597213 683755023 262952022
199 -7365 -32768 -25925 -59269542 811355865 650025176 261867928
199 -11757 -32768 -24844 -69697887 839310287 614730889 256368551
199 -7969 -32768 -23655 -81424569 866756143 577439647 248163652
199 -9346 -32768 -17545 -93646286 893389859 538658006 236325869
199 -8503 -32768 -14487 -106952250 918639562 497814837 223069202
199 -8419 -32768 -12324 -121763059 942017264 455280128 208359485
199 -7755 -32768 -11008 -138762791 962949098 411406888 192702728
199 -7499 -32768 -6559 -157297766 981232126 366390106 176394402
199 -6591 -32768 -747 -176482709 996724258 320301852 160365291
199 -5937 -32768 3840 -195535399 1009353041 273361223 145471115
199 -6595 -32768 7207 -214209442 1019048175 225796407 132616985
199 -5417 -32768 6717 -232491441 1025778752 177528665 122986415
199 -5013 -32768 3768 -249611703 1029856219 128813725 115818118
199 -7227 -32768 1621 -264902698 1031654972 79976041 109705608
199 -2501 -32768 -4602 -396335034 674853639 -729618762 -89794541
199 -2683 -32768 -8624 -369163101 601904000 -800828856 -101975803
199 -3852 -32768 -12768 -369163101 601904000 -800828856 -114102393
199 -4874 -32768 -17204 -353081902 564163834 -833105679 -126108780
199 -5947 -32768 -20925 -336521721 524955015 -863149624 -138073492
199 -6838 -32768 -23411 -320459802 483778722 -890877238 -150058580
199 -7607 -32768 -25808 -305686631 440223101 -916215115 -161942003
199 -6129 -32768 -26868 -292660502 393940881 -939285649 -172680910
199 -5800 -32768 -23120 -282293069 344928975 -959761679 -181955330
199 -5815 -32768 -18529 -274371493 293638164 -977331927 -190353848
199 -5676 -32768 -12398 -267724183 240561571 -992248336 -197008321
199 -3286 -32768 -8402 -260954132 186520222 -1004715490 -201432435
199 -1617 -32768 -2037 -253917318 132675685 -1014416963 -204442752
199 -1250 -32768 4326 -246113031 80063117 -1021304797 -207052872
199 -682 -32768 7179 -236372979 29401705 -1025760842 -209749520
199 -507 -32768 6896 -224412392 -18963891 -1028070914 -212760670
199 -1075 -32768 4759 -210838142 -65129616 -1028317832 -216300327
199 -2319 -32768 3053 -196461341 -109537600 -1026570720 -220171261
199 -3269 -32768 2574 -167091020 -194916336 -1017492471 -223960128
199 -4057 -32768 3802 -167091020 -194916336 -1017492261 -227412654
199 -4543 -32768 6433 -152861556 -236372257 -1010182419 -230677105
199 -4657 -32768 9795 -139178656 -277015935 -1000998273 -234121768
199 -4382 -32768 12846 -112739806 -354921199 -977310444 -238143504
199 -3924 -32768 14560 -112739806 -354921199 -977310327 -243114270
199 -3576 -32768 14857 -99514961 -391597550 -963084804 -249269503
199 -3328 -32768 13095 -86049091 -426539355 -947438074 -256788728
199 -3694 -32768 10387 -58616338 -491634742 -912175388 -265529784
199 -4294 -32768 7024 -58616338 -491634742 -912158966 -275218464
199 -4861 -32768 3245 -44964066 -522333149 -892507999 -285474321
199 -5350 -32768 -532 -31570271 -552161626 -871475823 -295923210
199 -5829 -32768 -4222 -5842906 -610067579 -825110572 -306230479
199 -6620 -32768 -7832 -5842906 -610067579 -825112516 -316057704
199 -7837 -32768 -10970 6374422 -638619207 -799611813 -325062243
199 -12431 -32768 -22776 18335466 -667217535 -772382878 -332909514
199 -2946 -32768 3305 89660934 346420072 995078623 186255969
199 -3251 -32768 3124 74638216 385820240 980749421 191367004
199 -3690 -32768 2160 44108793 460208449 948071002 197361847
199 -4412 -32768 1016 44108793 460208449 947369341 204139764
199 -5054 -32768 -584 29109135 495613455 928270712 211548121
199 -5616 -32768 -2540 14552024 530103186 907517919 219338212
199 -6026 -32768 -4561 -12765367 596922662 868308985 227218517
199 -6400 -32768 -6708 -12765367 596922662 860953499 234943765
199 -6927 -32768 -9010 -25470982 629423668 835112472 242246352
199 -7586 -32768 -11356 -37613289 661409532 807514938 248920186
199 -8266 -32768 -13895 -60319827 724224682 744536816 254637900
199 -9374 -32768 -17198 -60319827 724224682 746795874 258987826
199 -8296 -32768 -24868 -71996007 755043138 713695150 261312191
199 -8795 -32768 -25034 -84410869 785509931 679051680 260107444
199 -10088 -32768 -23556 -107835003 845556000 642444110 255867495
199 -11901 -32768 -22067 -107835003 845556000 603756317 248600438
199 -11683 -32768 -17883 -120468636 874305183 562900220 239034923
199 -12376 -32768 -14211 -134072075 901513435 519998998 227629740
199 -11229 -32768 -13528 -165706395 949321699 475065771 215145288
199 -10388 -32768 -12547 -165706395 949321699 428504084 201566468
199 -9761 -32768 -10283 -183695522 969151525 380500091 187445240
199 -8759 -32768 -7416 -202516313 985983920 331149033 173429310
199 -8382 -32768 -4360 -240618626 1010333094 280651753 159906924
199 -8285 -32768 -2248 -240618626 1010333094 229138498 147444087
199 -7694 -32768 -2023 -259234947 1017790381 176685130 136370369
199 -7826 -32768 -3073 -276735709 1022314084 123505657 126302136
199 -8432 -32768 -5079 -307437100 1022999822 69721194 116909620
199 -8956 -32768 -7537 -307437100 1022999822 15368231 107852872
199 -9595 -32768 -9418 -320788002 1019187554 -39431297 98546756
199 -10115 -32768 -10959 -332896748 1012559291 -94635209 88667283
199 -10220 -32768 -11934 -353495276 990566161 -150142324 77921491
199 -10082 -32768 -12345 -353495276 990566161 -205788796 66214466
199 -9271 -32768 -12762 -362081593 974985814 -261393881 53722156
199 -8207 -32768 -13119 -369461556 956297456 -316636017 40594554
199 -10149 -32768 -17856 47350783 -629455492 -825334727 -270714553
199 -9532 -32768 -21887 58089955 -656308062 -800403988 -279568798
199 -11114 -32768 -23915 69555038 -683411755 -774212800 -285700674
199 -15120 -32768 -21309 91366181 -739766988 -746022096 -289646144
199 -12616 -32768 -32288 91366181 -739766856 -715539459 -292095448
199 -12935 -32768 -32768 101410448 -769056082 -683808411 -289125741
199 -14720 -32768 -31402 119754866 -829862798 -615020146 -267683365
199 -14720 -32768 -24895 130438542 -859513998 -615020146 -267683365
199 -10850 -32768 -21395 130438542 -859513957 -577718630 -251753266
199 -12653 -32768 -12012 142023073 -887825930 -538937273 -232502799
199 -10265 -32768 -8778 170437158 -937694019 -456517906 -190231654
199 -10265 -32768 -7140 188155854 -958261827 -456517906 -190231654
199 -8251 -32768 -2563 188155854 -958261964 -413525394 -168057976
199 -4876 -32768 5120 207086566 -975663605 -369772449 -146217201
199 -3720 -32768 14337 245391596 -1000609332 -281015811 -111851870
199 -3720 -32768 19962 264658797 -1008244020 -281015811 -111851870
199 -2956 -32768 17101 264658797 -1008244070 -235734002 -103664785
199 -5317 -32768 11731 282049858 -1013572842 -190054519 -99573624
199 -9238 -32768 5150 308004228 -1019574403 -97244148 -95199739
199 -9238 -32768 -1956 317500615 -1020360835 -97244148 -95199739
199 -10591 -32768 -7496 317500615 -1020378743 -49756193 -91993477
199 -11600 -32768 -11527 325835044 -1019390939 -1419331 -87116512
199 -12329 -32768 -14146 340920814 -1010992028 98015114 -70554622
199 -12473 -32768 -14758 348304422 -1002996636 98015114 -70554622
199 -12045 -32768 -13948 348304422 -1002978761 148989313 -58617475
199 -10894 -32768 -12292 355743334 -992023372 200618820 -44765206
199 -7260 -32768 -10740 369608214 -960882012 304641406 -14270656
199 -7233 -32768 -9605 375253073 -940893532 304641406 -14270656
199 -5734 -32768 -8223 375253073 -940861451 356199878 918587
199 -4597 -32768 -7033 379576388 -918147620 406954650 15132748
199 -3168 -32768 -5993 382878130 -865903794 504911453 39927446
199 -3326 -32768 -4881 381345832 -837067954 504911453 39927446
199 -3027 -32768 -4292 381345832 -837041763 551607889 50796700
199 -2810 -32768 -4619 377485558 -806727913 596576120 60885886
199 -8762 -32768 16564 -207649878 982959017 346838021 152620639
199 -5279 -32768 10953 -243139275 1004877856 252944644 141561980
199 -8064 -32768 6683 -258374761 1021655072 252944644 141561980
199 -10191 -32768 1226 -258374761 1012411738 204963754 138462717
199 -10700 -32768 -4709 -271722748 1018077049 155896246 135274703
199 -12609 -32768 -8613 -294251460 1023731729 54497118 123838242
199 -12562 -32768 -13249 -304359072 1006954513 54497118 123838242
199 -12312 -32768 -17007 -304359072 1023277062 2036843 114810114
199 -12601 -32768 -18800 -314285862 1020233872 -51331215 103090418
199 -11731 -32768 -19842 -335307945 1004657704 -160300880 73816652
199 -10853 -32768 -19429 -346449408 1004657704 -160300880 73816652
199 -9383 -32768 -18403 -346449408 991577160 -215332695 57380146
199 -7632 -32768 -16448 -357644080 974848034 -270232033 40611276
199 -6598 -32768 -13212 -378606933 930967522 -377886827 8376284
199 -5388 -32768 -9770 -387424852 930967522 -377886827 8376284
199 -4166 -32768 -5929 -387424852 904348799 -430036687 -6019125
199 -3577 -32768 -1689 -394447555 875188526 -480629039 -19100772
199 -2938 -32768 2095 -400849731 811284928 -576511691 -41043625
199 -2814 -32768 5375 -399206901 811284928 -576511691 -41043571
199 -2987 -32768 7058 -399206901 777588731 -621601686 -50155605
199 -3409 -32768 6439 -393774690 743325164 -664762946 -58434083
199 -4252 -32768 3618 -371398261 673857060 -745223980 -74410357
199 -4821 -32768 -1511 -355183195 673857060 -745223980 -74410371
199 -4974 -32768 -7928 -355183195 638515909 -782410025 -83022063
199 -5505 -32768 -14101 -336632280 602473907 -817356200 -92458520
199 -6101 -32768 -20543 -296090626 526596558 -880462349 -112819821
199 -6192 -32768 -26291 -276648795 526596558 -880462349 -112819766
199 -9331 -32768 -32768 -276648795 485774612 -908374605 -123531139
199 -7610 -32768 -32768 -259020012 442061446 -934264453 -132499085
199 -8225 -32768 -30964 -235060419 345915562 -977738316 -140419448
199 -9726 -32768 -24282 -228180869 345915562 -977738316 -148433235
199 -12962 -32768 -14965 -228180869 294137387 -995012404 -155827914
199 -8498 -32768 -12165 -221369915 240300902 -1010010566 -161382594
199 -5590 -32768 -9137 -208513272 131170138 -1031788717 -166264744
199 -5456 -32768 -18190 381234833 -863787238 510529157 -28352177
199 -4598 -32768 -11291 401062869 -792762434 602978885 2355167
199 -3525 -32768 -4291 408585173 -792762434 602978885 2311691
199 -2520 -32768 1157 408585198 -753867311 646082052 15274248
199 -2583 -32768 4677 413281778 -713790391 686937134 27067667
199 -2775 -32768 5342 412119702 -632188742 762296172 48120452
199 -3290 -32768 3441 406453142 -632188742 762296172 48108565
199 -3880 -32768 -219 406453053 -591050934 796860923 58163201
199 -4098 -32768 -5123 398104540 -549647476 829224511 68578604
199 -4402 -32768 -9929 377080301 -465026742 886643529 91336563
199 -4803 -32768 -13602 366266861 -465026742 886643529 91324239
199 -5043 -32768 -16145 366235065 -421114834 911487845 103152701
199 -5198 -32768 -16541 356286086 -375681844 933635370 114738081
199 -5321 -32768 -14282 340908256 -279912387 969505473 142469245
199 -4672 -32768 -9851 335010016 -279912387 969505473 135669472
199 -3577 -32768 -3524 335017040 -230241880 983246385 144552151
199 -1867 -32768 3049 329216605 -180459118 994338063 152510734
199 -807 -32768 8808 314073019 -84662133 1009491049 159966881
199 -366 -32768 11959 303521723 -84662133 1009491049 167439887
199 -742 -32768 12120 303517769 -39903374 1014118843 175402445
199 -1542 -32768 10285 291090552 2701722 1017005031 184061193
199 -2431 -32768 7860 277426799 43557064 1018175431 193326136
199 -3334 -32768 6261 263168930 83133857 1017627093 202941434
199 -4143 -32768 6025 248852409 121843302 1015330422 212720965
199 -4691 -32768 6910 234827241 159954586 1011247272 222641267
199 -4739 -32768 8397 221248110 197547805 1005352799 232829193
199 -4522 -32768 9727 208130174 234506164 997663822 243464967
199 -3933 -32768 10155 195242538 270583705 988274152 254752178
199 -3518 -32768 9436 182349781 305511103 977323455 266777287
199 -3469 -32768 7485 169225265 339129587 964955456 279525850
199 -3768 -32768 4805 155806036 371484627 951252089 292853153
199 -4187 -32768 1684 142208089 402778325 936210298 306556101
199 -4786 -32768 -1412 128617771 433278735 919799897 320335838
199 -5172 -32768 -4562 115121250 463237796 901977195 333938404
199 -9970 -32768 -8856 -157224459 912923462 472446131 277185693
199 -10150 -32768 -5999 -157251582 935101919 430898112 260958951
199 -9201 -32768 -2465 -176576135 954703521 387983590 244431851
199 -8318 -32768 1814 -196276322 971705545 343779643 228025289
199 -7983 -32768 5314 -215820023 985961376 298480267 212432401
199 -7536 -32768 6479 -235357104 997241079 252188300 198581401
199 -7152 -32768 6133 -254675254 1005575751 205034732 186641525
199 -6834 -32768 3805 -273157810 1011210609 157102975 176275520
199 -8042 -32768 1487 -290252597 1014479274 108605202 166453379
199 -9277 -32768 -726 -306109193 1015430387 59509958 156759115
199 -9965 -32768 -2762 -320953485 1014044063 9769339 146712229
199 -10911 -32768 -4270 -334765586 1010340003 -40593961 135695950
199 -11212 -32768 -6216 -347499185 1004244857 -91606723 123533966
199 -11246 -32768 -8523 -359221322 995624424 -143183029 110027762
199 -10955 -32768 -10899 -370080252 984282136 -195148511 95191005
199 -10090 -32768 -12816 -380208538 970026254 -247266198 79148431
199 -8850 -32768 -13654 -389741174 952698982 -299203779 62109978
199 -7464 -32768 -12852 -407219627 908554737 -401108235 44506801
199 -5938 -32768 -10551 -407219627 908554737 -401108235 26948872
199 -4535 -32768 -6868 -414757380 882001123 -450404943 9967754
199 -3389 -32768 -2410 -420873219 852943678 -498227852 -5976307
199 -2481 -32768 1718 -424899592 821920932 -544425885 -20520700
199 -2012 -32768 4456 -426137607 789542482 -588911033 -33586582
199 -2256 -32768 5235 -424050784 756382581 -631599562 -45428120
199 -2874 -32768 3679 -418352680 722824793 -672487866 -56402777
199 -3755 -32768 463 -409111557 688997084 -711576490 -66976159
199 -4467 -32768 -4081 -396681996 654809138 -748844970 -77562360
199 -5909 -32768 -9360 -381600346 620034856 -784226403 -88562286
199 -7301 -32768 -15488 -364517272 584219578 -817753192 -100053275
199 -8257 -32768 -21280 -346439344 546716076 -849371082 -112099059
199 -9291 -32768 -24934 -328763085 506862547 -878819143 -124892057
199 -9901 -32768 -32768 -312530141 463911757 -906114604 -137777706
199 -11397 -32768 -28274 -299326555 417027902 -931246493 -148951184
199 -5576 -32768 -26392 -289027946 366670775 -953638829 -159696511
199 -13918 -32768 -23526 80950570 -705285750 -706750389 -386578397
199 -9780 -32768 -28388 109345030 -754139903 -645259627 -392653828
199 -10178 -32768 -32768 109345030 -754139903 -645259544 -394811586
199 -10742 -32768 -32768 122949231 -780047407 -612490344 -392662936
199 -12462 -32768 -32768 136208673 -807437456 -578529408 -384336027
199 -12572 -32768 -32768 149654915 -835742848 -543028953 -370370756
199 -13784 -32768 -26434 181516775 -889942929 -467474652 -351830781
199 -11638 -32768 -19344 181516775 -889942929 -467474643 -330812146
199 -9347 -32768 -15552 200056146 -914182532 -427543570 -307196447
199 -13305 -32768 -5194 219680519 -936103713 -386667066 -280808834
199 -8946 -32768 -7787 267302103 -968583316 -301123740 -255440859
199 -6210 -32768 -1321 267302103 -968583316 -301130120 -229414008
199 -3500 -32768 7003 292431015 -979396932 -257268508 -204922461
199 -3372 -32768 13726 317798793 -986220561 -212659235 -184565075
199 -3744 -32768 14809 366966772 -989041064 -120317836 -170042780
199 -4937 -32768 12050 366966772 -989041064 -120295082 -159932752
199 -7863 -32768 8130 387714633 -987084684 -72982159 -151431181
199 -9008 -32768 2079 405164738 -983692911 -24962585 -143120440
199 -9732 -32768 -3042 432857731 -972252190 72579054 -133647245
199 -10917 -32768 -5959 432857731 -972252190 72610408 -122491776
199 -11151 -32768 -7853 444585906 -963497792 122042206 -109715134
199 -11520 -32768 -7961 455233876 -952445404 171784047 -94952857
199 -11363 -32768 -6793 473560844 -922589658 271721125 -78334050
199 -10009 -32768 -5157 473560844 -922589658 271757388 -60260626
199 -8469 -32768 -3190 480794669 -903668424 321628445 -41104594
199 -6738 -32768 -1801 486117985 -882285606 371092269 -21594296
199 -4993 -32768 -1289 489130334 -833321315 467985116 -2532293
199 -3815 -32768 -1408 489130334 -833321315 467975772 15501776
199 -2975 -32768 -2372 486123957 -806467640 514943646 32268637
199 -2524 -32768 -3871 479822649 -778545202 560582269 47960169
199 -2414 -32768 -5950 457512319 -720372840 638226306 62827361
199 -2335 -32768 -9053 457512319 -720372840 647095109 76999441
199 -2474 -32768 -12404 441784069 -690325051 687737605 90613749
199 -3325 -32768 -16817 423377291 -659620027 726488389 103843764
199 -4852 -32768 -4002 47053988 566109863 844464787 342205650
199 -5340 -32768 -7618 32294354 593087621 822042269 352662137
199 -6236 -32768 -10639 18006457 619715957 798240769 362435465
199 -9813 -32768 -19624 -11740354 672708920 739433019 371165924
199 -7899 -32768 -24615 -11740354 672708920 746822006 377493637
199 -4842 -32768 -27051 -28215916 699448574 719747311 380603368
199 -8380 -32768 -25904 -43158024 727060302 691329008 380137234
199 -9970 -32768 -27153 -72648145 783745885 661238043 376727753
199 -8454 -32768 -24060 -72648145 783745885 629828170 369729392
199 -10203 -32768 -18017 -87312097 812247143 597269894 358912516
199 -11911 -32768 -10947 -102378153 840138641 563199644 345557333
199 -9610 -32768 -8435 -137386752 891079539 527333121 331235994
199 -9033 -32768 -6788 -137386752 891079539 490552983 315241495
199 -8758 -32768 -2834 -157248308 913289072 452954399 298203773
199 -6630 -32768 -27 -178432471 932856344 414432399 281253946
199 -6956 -32768 6080 -220657796 964199045 375134000 264532820
199 -6493 -32768 9005 -220657796 964199045 334800131 249913345
199 -5758 -32768 9451 -241841160 975547137 293429623 237986040
199 -4638 -32768 6280 -262579641 984197221 251138160 228593973
199 -6315 -32768 3451 -299714933 995493592 208280191 220123771
199 -7294 -32768 -2 -299714933 995493592 164752027 211986553
199 -7811 -32768 -2901 -316303487 998496114 120563557 203322589
199 -8690 -32768 -4542 -331991895 999740230 75809056 193576261
199 -9157 -32768 -5639 -361512679 996438715 30435987 182702379
199 -9440 -32768 -6150 -361512679 996438715 -15563828 170568881
199 -9893 -32768 -6144 -375430480 991666793 -62156169 157171114
199 -9835 -32768 -6530 -388785181 984595918 -109345326 142749628
199 -9419 -32768 -7496 -413211125 963203366 -157055688 127387281
199 -9176 -32768 -8655 -413211125 963203377 -205099951 111112733
199 -8619 -32768 -10164 -424113424 948700832 -253280887 94123418
199 -7572 -32768 -10867 -443729542 911525960 -348928392 58213421
199 -7572 -32768 -9989 -452705828 888684872 -348928392 58213421
199 -6682 -32768 -7171 -452705828 888684816 -395779336 39629969
199 -5806 -32768 -2398 -460996415 863093246 -441618447 20987296
199 -3760 -32768 -11880 -499378995 799184252 -506913593 88772490
199 -2860 -32768 -14899 -489777798 749465188 -549202642 71182286
199 -2453 -32768 -17450 -489777798 749465245 -590308545 53592805
199 -2746 -32768 -19921 -482491349 722383883 -630061087 36104201
199 -5151 -32768 -22462 -464412111 663254644 -705215037 1821085
199 -5151 -32768 -28429 -454547726 630444404 -705215037 1821085
199 -4665 -32768 -29225 -454547726 630444468 -740709217 -13886323
199 -4651 -32768 -29599 -445502404 595114869 -774221970 -29377440
199 -5951 -32768 -28060 -432115295 517147831 -833632935 -61703237
199 -5951 -32768 -24460 -427484507 474376887 -833632935 -61703237
199 -5530 -32768 -20341 -427484507 474376738 -859718901 -77611758
199 -4351 -32768 -17800 -423546655 429429422 -883454924 -92856308
199 -2105 -32768 -15255 -415672917 334701260 -924099815 -118940728
199 -2105 -32768 -12495 -410601708 286046924 -924099815 -118940728
199 -950 -32768 -9057 -410601708 286046938 -941169415 -129228351
199 -172 -32768 -5158 -404321289 237498901 -955984312 -138308855
199 -7 -32768 -2150 -387112241 142989304 -979105519 -154816575
199 -7 -32768 -1094 -376033160 97572856 -979105519 -154816575
199 -31 -32768 -1533 -376033160 97572465 -987678615 -162750218
199 -441 -32768 -2385 -363879965 53389575 -994256005 -170629033
199 -1154 -32768 -2805 -337821459 -31995243 -1001672073 -185539422
199 -1244 -32768 -2310 -324414911 -73413995 -1001672073 -185539422
199 -1609 -32768 -691 -324414911 -73441170 -1002644169 -192315056
199 -1835 -32768 1758 -310994064 -114046162 -1001826231 -198845660
199 -1936 -32768 4502 -283987229 -192066835 -995103211 -212487067
199 -1933 -32768 6850 -270026186 -229094675 -995103211 -212487067
199 -2031 -32768 8293 -270026186 -229055520 -989468709 -220206332
199 -2258 -32768 8680 -255543923 -264514749 -982492933 -228815978
199 -3261 -32768 8383 -225309918 -331081530 -964662805 -248930068
199 -3308 -32768 7672 -209853032 -362538810 -964662805 -248930068
199 -3689 -32768 6689 -209853032 -362530710 -953769488 -260340244
199 -4154 -32768 5778 -194482574 -392988677 -941480368 -272527542
199 -4907 -32768 4730 -164417268 -451496787 -912507958 -298943036
199 -4927 -32768 3276 -149888890 -479742803 -912507958 -298943036
199 -11535 -32768 -18032 39309166 -798751124 -531842748 -480117640
199 -11461 -32768 -12146 81405741 -851758324 -463558140 -453775254
199 -11177 -32768 -7082 104700970 -885312756 -463558140 -453775254
199 -10983 -32768 -6469 104700970 -875715284 -427785434 -438265966
199 -11479 -32768 -4431 129850014 -897482772 -391470297 -421107295
199 -9633 -32768 -1649 184064645 -933245947 -316565655 -384544937
199 -7676 -32768 2828 211452086 -950023163 -316565655 -384544937
199 -7451 -32768 7912 211452086 -946893004 -278189059 -366345640
199 -7592 -32768 11957 238816995 -957165773 -239085817 -350078630
199 -4966 -32768 11269 292509915 -967505577 -158142987 -326004868
199 -5510 -32768 9459 316929839 -967505577 -158142987 -326004868
199 -7282 -32768 6778 316929839 -969068909 -116721043 -315839884
199 -7224 -32768 2088 339499477 -968759966 -74496950 -305961161
199 -8428 -32768 -1029 380319094 -963255957 11455573 -283340488
199 -9186 -32768 -3273 399382210 -963255957 11455573 -283340488
199 -9501 -32768 -4783 399382210 -957734193 55199549 -270387866
199 -10494 -32768 -4933 417717179 -950287942 99394549 -255935881
199 -10681 -32768 -4898 452137501 -928957106 189279301 -222935754
199 -10271 -32768 -5077 467907756 -928957106 189279301 -222935597
199 -9663 -32768 -5346 467907756 -914894770 234826975 -204456262
199 -8616 -32768 -6171 482426262 -898451127 280599755 -185013738
199 -7428 -32768 -6781 507103409 -858293990 371818235 -144374854
199 -6496 -32768 -6627 517081103 -858293990 371818235 -144374925
199 -5497 -32768 -5422 517081103 -834589979 416722915 -123870813
199 -4742 -32768 -3197 525272927 -808617289 460869768 -103637584
199 -4073 -32768 -916 534800372 -751106186 546392923 -64794481
199 -3617 -32768 367 535242627 -751106186 546392923 -64794605
199 -3632 -32768 77 535242627 -720409215 587629327 -46188395
199 -3838 -32768 -2376 532434232 -688906522 627741046 -27904226
199 -4211 -32768 -6186 517785716 -623831338 703966059 8957567
199 -4373 -32768 -10540 506972276 -623831338 703966059 8957533
199 -5185 -32768 -14107 506959464 -589959572 739645322 27940107
199 -5744 -32768 -18270 494508550 -554808141 773521857 47213966
199 -6227 -32768 -22126 467490370 -479206736 834980561 86815270
199 1155 -11582 -1837 -418533323 40122154 -900401947 -413091715
199 1089 -12618 -1772 -418533323 59791215 -899877029 -405459682
199 1064 -13759 -1754 -424989394 79747506 -898875940 -397451553
199 1093 -14968 -1937 -438143777 120571948 -895461549 -380213748
199 990 -16294 -2143 -444689185 120571948 -895461549 -380213576
199 969 -17600 -2481 -444689154 141439287 -893073024 -370929041
199 782 -18766 -2631 -451204204 162582791 -890184387 -361212732
199 583 -19949 -2769 -463876090 205593996 -882935820 -340442690
199 469 -21213 -3038 -469915130 205593996 -882935820 -340434525
199 368 -22393 -3246 -469914917 227382116 -878607463 -329313678
199 181 -23596 -3401 -475748943 249304577 -873793321 -317673759
199 47 -24756 -3487 -486697613 293331656 -862738755 -292702878
199 -168 -25877 -3392 -491794573 293331656 -862738755 -292719990
199 -339 -26991 -3314 -491794502 315332284 -856492320 -279366761
199 -629 -28009 -3022 -496683133 337238059 -849720864 -265465548
199 -877 -29024 -2534 -505791684 380588093 -834536255 -236253550
199 -1110 -30173 -2141 -509991364 380588093 -834536255 -236215661
199 -1460 -31055 -1435 -509991356 401936712 -826082934 -221051580
199 -1754 -31904 -843 -513893310 423057254 -817063985 -205581561
199 -2046 -32604 -193 -520669602 464554552 -797327851 -173106160
199 -2475 -32768 360 -523553186 464554552 -797327851 -174016185
199 -2921 -32768 1025 -523530692 484872555 -786625669 -157972707
199 -3235 -32768 1558 -526066205 504834543 -775373155 -141823837
199 -3780 -32768 2191 -530397474 543364222 -751209067 -108920336
199 -4245 -32768 2819 -532298018 543364222 -751209067 -109726462
199 -4679 -32768 3402 -532305098 561801798 -738304353 -94116104
199 -5159 -32663 3790 -534121795 579627060 -724852331 -79098928
199 -5453 -31938 3956 -535873991 596814477 -710890859 -64860808
199 -5750 -31124 3801 -537632366 613353974 -696428380 -51546820
199 -6045 -30349 3276 -539415012 629228504 -681526500 -39316851
199 -7721 -29505 2250 -541258071 644422892 -666238816 -28389397
199 -10244 -28657 484 -543144583 658899044 -650700477 -18873662
199 -12315 -28193 -1766 -545161204 672580511 -635010702 -10838272
199 -14416 -27644 -3529 -547454050 685328797 -619290487 -4378003

