99 -2956 -16126 -1688 -574409554 -831891864 -240234736 -270588930
99 -2964 -16058 -1600 -574633765 -831842879 -240174929 -270316430
99 -3066 -15904 -1410 -574906390 -831777628 -240101369 -270002707
99 -3104 -15978 -1294 -575211355 -831668316 -240059521 -269726979
99 -3172 -16054 -1334 -575554783 -831487136 -240068769 -269544669
99 -3244 -16144 -1266 -575906475 -831261202 -240108758 -269454704
99 -3190 -16054 -1298 -576307744 -830974460 -240162720 -269433122
99 -3222 -16000 -1368 -576728681 -830653900 -240233457 -269457828
99 -3184 -16038 -1306 -577159655 -830306258 -240328679 -269521584
99 -3252 -15926 -1474 -577616993 -829929151 -240433210 -269610075
99 -2430 -16322 -822 -582120524 -828272908 -229176023 -274771806
99 -2228 -16320 -606 -581404869 -828787422 -228734722 -275103111
99 -2128 -16250 -488 -580797224 -829207358 -228406751 -275393546
99 -2162 -16134 -458 -580299473 -829541657 -228166645 -275634993
99 -2032 -16088 -596 -579885262 -829810093 -228013422 -275825450
99 -2046 -16062 -470 -579575560 -830004359 -227969798 -275927911
99 -2070 -15914 -514 -579379131 -830118219 -227996031 -275976236
99 -2258 -15734 -452 -579290112 -830165251 -228096284 -275938789
99 -2320 -15680 -464 -579276833 -830154008 -228250646 -275872839
99 -2316 -15718 -534 -579344414 -830082374 -228489133 -275749028
99 -2392 -15748 -562 -579513339 -829948962 -228790835 -275545404
99 -2504 -15668 -680 -579768056 -829790681 -229105651 -275224520
99 -2572 -15696 -688 -580096611 -829616182 -229425753 -274791274
99 -2618 -15840 -612 -580493346 -829429595 -229763477 -274233977
99 -2828 -15934 -744 -580975304 -829220675 -230099834 -273562319
99 -2990 -15874 -610 -581515882 -829021860 -230386862 -272773599
99 -3094 -15882 -640 -582130210 -828807952 -230612053 -271921655
99 -3176 -15968 -594 -582790948 -828572727 -230834852 -271032700
99 -3226 -16168 -610 -583498009 -828281519 -231103291 -270171379
99 -3052 -16478 -710 -607388105 -822830646 -217254069 -244441394
99 -2978 -16334 -732 -607570454 -822638066 -217232425 -244655551
99 -2852 -16094 -602 -607698758 -822474156 -217233749 -244886688
99 -2834 -16056 -478 -607785600 -822320294 -217286799 -245140683
99 -2792 -15992 -164 -607865351 -822147802 -217374249 -245443782
99 -2398 -15996 -238 -607983893 -821889998 -217581559 -245829594
99 -2478 -16054 -36 -608113702 -821566518 -217948672 -246264222
99 -2752 -15958 -96 -608280916 -821163772 -218380668 -246811220
99 -2316 -16030 80 -608481839 -820734660 -218776695 -247391865
99 -2324 -16118 -170 -608775829 -820211674 -219265832 -247969359
99 -1962 -16202 -240 -609101270 -819657973 -219825637 -248504819
99 -2046 -16248 -146 -609493176 -819023047 -220592783 -248957120
99 -2134 -16220 -372 -609897310 -818357237 -221465020 -249382147
99 -2252 -16284 -614 -610293095 -817725646 -222354070 -249694378
99 -2354 -16320 -864 -610690820 -817171819 -223176942 -249800924
99 -2476 -16152 -1120 -611061624 -816780661 -223801806 -249614305
99 -2562 -16076 -906 -611420141 -816576866 -224157631 -249083315
99 -2666 -16006 -746 -611847064 -816473205 -224237361 -248301809
99 -2728 -16002 -474 -612328620 -816429666 -224128711 -247354180
99 -2668 -16294 302 -630008320 -813224979 -209054614 -225770519
99 -2628 -16360 340 -629966759 -813310213 -208610344 -225990293
99 -2546 -16370 236 -629943326 -813360810 -208145165 -226302223
99 -2480 -16462 262 -629897854 -813411108 -207673499 -226681032
99 -2326 -16452 138 -629836106 -813453857 -207210919 -227122095
99 -2162 -16464 168 -629761749 -813485808 -206790753 -227596290
99 -2068 -16392 126 -629688812 -813497617 -206421744 -228090333
99 -1980 -16436 20 -629610434 -813511239 -206088602 -228558882
99 -1978 -16380 -66 -629517296 -813550165 -205760797 -228971846
99 -1834 -16326 38 -629425218 -813614337 -205416387 -229305958
99 -1684 -16424 -98 -629361478 -813667218 -205112715 -229564958
99 -1742 -16400 -92 -629287801 -813743425 -204842788 -229737768
99 -1634 -16332 -26 -629230574 -813819419 -204604356 -229837775
99 -1578 -16220 10 -629195574 -813882086 -204425648 -229870707
99 -1650 -16398 56 -629178395 -813916585 -204340662 -229871139
99 -1620 -16460 52 -629197793 -813907326 -204338865 -229852426
99 -1618 -16472 112 -629252767 -813878839 -204390164 -229757175
99 -1684 -16400 2 -629370968 -813819084 -204457213 -229585363
99 -1744 -16326 -26 -629518920 -813769565 -204511247 -229306962
99 -2124 -16258 -346 -629598434 -813756930 -212242698 -221991025
99 -2152 -16236 -244 -629545196 -813773340 -212376725 -221953670
99 -2182 -16270 -170 -629445595 -813794220 -212551438 -221992349
99 -2144 -16400 -132 -629321273 -813816696 -212734169 -222087375
99 -2146 -16442 -58 -629217250 -813822196 -212893929 -222208837
99 -2120 -16470 -184 -629141253 -813812197 -213025753 -222334274
99 -2358 -16284 -204 -629063559 -813805603 -213132778 -222475630
99 -2210 -16224 -198 -628960044 -813862005 -213117381 -222576707
99 -2060 -16324 -140 -628893398 -813907594 -213048119 -222664611
99 -2032 -16346 -6 -628828064 -813954153 -212997519 -222727335
99 -1948 -16412 -18 -628785514 -813983729 -212960920 -222774371
99 -1886 -16390 -146 -628752226 -813995683 -212957228 -222828168
99 -1902 -16374 -180 -628716552 -813999161 -213002877 -222872487
99 -1922 -16342 -42 -628659144 -814006129 -213082527 -222932831
99 -1932 -16316 -138 -628615253 -813987492 -213198883 -223013389
99 -1940 -16340 -104 -628558293 -813973521 -213340150 -223089823
99 -2022 -16312 -234 -628493264 -813974678 -213462889 -223151393
99 -2114 -16228 -84 -628411620 -814007238 -213556480 -223173001
99 -2146 -16236 -160 -628332914 -814047907 -213606593 -223198310
99 -1594 -16596 -1078 -628011903 -811771931 -218329310 -227774452
99 -1500 -16670 -972 -627981783 -811911907 -218262868 -227421996
99 -1462 -16644 -936 -627934278 -812086691 -218215567 -226974059
99 -1438 -16538 -862 -627817713 -812306129 -218265912 -226462299
99 -1426 -16580 -810 -627607293 -812555278 -218482885 -225941899
99 -1510 -16594 -884 -627274982 -812838733 -218892035 -225448608
99 -1630 -16550 -838 -626817066 -813167947 -219457373 -224984943
99 -1824 -16592 -700 -626262892 -813550005 -220100652 -224518128
99 -1946 -16484 -620 -625636948 -814003640 -220710604 -224019690
99 -1938 -16426 -256 -624992426 -814515547 -221243726 -223431454
99 -1952 -16494 -232 -624355924 -815049418 -221699959 -222811045
99 -2098 -16312 180 -623703515 -815637465 -222076550 -222110253
99 -2036 -16524 218 -623117271 -816180438 -222396088 -221440389
99 -2042 -16618 504 -622546902 -816714825 -222704734 -220763132
99 -1752 -16906 744 -622056986 -817162420 -223046995 -220141386
99 -1768 -17248 724 -621669491 -817484547 -223514780 -219564815
99 -1844 -17190 682 -621347404 -817737997 -224042946 -218993693
99 -1884 -17142 840 -621096642 -817932184 -224596328 -218412225
99 -1910 -17066 748 -620977813 -818040400 -225119691 -217805172
99 642 -16832 1622 -692714350 -812971192 -16102288 109027036
99 426 -16902 726 -696033640 -809700139 -10345771 112859782
99 226 -16758 -308 -699225473 -806380970 -3847881 117218471
99 -92 -16340 -898 -702202648 -803031987 3593246 122309702
99 -50 -15832 -1840 -704833160 -799705326 12188475 128275309
99 268 -15338 -2798 -706968449 -796424104 22150033 135407316
99 14 -14914 -1966 -708634301 -793094222 33440099 143674101
99 78 -15162 -1920 -710122294 -789459730 45873446 152632872
99 1038 -16342 -4596 -710995241 -786036483 58621935 161608753
99 2240 -17010 -8410 -710228110 -783836709 71115730 170411569
99 2124 -16332 -7018 -707388685 -783291166 83139595 179068452
99 2578 -16260 -8418 -703624761 -783579510 94162272 187003525
99 2294 -15950 -7178 -698606697 -785060309 104230743 194129987
99 1564 -15178 -4538 -693023920 -787219971 113276408 200231181
99 1916 -15454 -5578 -687100702 -789949858 121289183 205139674
99 2042 -15970 -3526 -680201527 -793630513 128661744 209389953
99 2176 -16892 -2746 -673032136 -797583374 135343896 213288634
99 1836 -17056 -892 -665661713 -801545003 141708272 217394487
99 1378 -16942 2128 -658740506 -804851016 147992543 222025902
99 1122 -16932 1170 -605008599 -735964367 349294904 351049316
99 1350 -16816 682 -607027564 -734725284 349278559 350174654
99 1248 -16374 900 -608926614 -733590417 349106093 349427988
99 1428 -16248 418 -610853248 -732438529 348829858 348756861
99 1062 -16096 -170 -612644036 -731441764 348475747 348060902
99 996 -15862 -872 -614253770 -730561867 348282440 347264326
99 956 -15918 -1322 -615631531 -729735878 348406028 346436303
99 1162 -15768 -1400 -616767687 -728988396 348838200 345553113
99 1292 -15286 -1068 -617689843 -728301512 349469308 344715643
99 1468 -15044 -586 -618494989 -727654166 350131801 343965975
99 1548 -14870 -384 -619222564 -727191124 350552199 343207149
99 1400 -14774 -620 -619862116 -726992203 350669180 342353509
99 1344 -14740 -936 -620320408 -727015878 350686187 341454550
99 1328 -14754 -738 -620516811 -727235461 350702990 340611786
99 1138 -15178 -422 -620550349 -727574000 350722547 339806624
99 1048 -15426 -370 -620484265 -728060395 350688055 338919948
99 832 -15530 -348 -620259661 -728672910 350755348 337943686
99 912 -15860 452 -619866509 -729276815 351089124 337014499
99 1256 -16392 1268 -619457958 -729766497 351507314 336268958
99 -4490 -32768 -700 178786174 -437572213 -654182246 708189565
99 -5796 -32768 1670 219906798 -400513024 -685004294 689144494
99 -5842 -32768 4078 261648078 -360229673 -713582723 667454242
99 -5814 -32768 4192 303636742 -317006024 -739740669 642663317
99 -4706 -32768 2390 345038466 -270653906 -763763993 614231090
99 -3444 -32768 582 385543213 -220985722 -785475489 581781884
99 -1788 -32768 -2568 425439851 -167496496 -804344154 544881837
99 -262 -32768 -4726 465075711 -109719533 -819478965 503030703
99 -534 -32768 -3748 504953961 -46660749 -829304206 456089480
99 -1494 -32768 -3416 544979416 22229931 -831903475 404175472
99 -3668 -32768 3112 583558130 96979750 -826022238 347359997
99 -4640 -32768 7396 619583373 175787759 -810651460 284560952
99 -8568 -32768 10702 651676064 256759518 -784971374 214771752
99 -12262 -32768 10284 677940022 337758031 -748363791 138496216
99 -19440 -32768 5942 695385993 415578759 -702419875 57018245
99 -25340 -32768 2170 700664227 486174939 -651815034 -27455575
99 -15796 -32768 -4928 694046888 548086059 -598304840 -113336558
99 -18054 -32768 -11072 677230740 604143840 -538325471 -198714820
99 -22250 -32768 -18222 651264676 653175801 -473481125 -279187100
99 -21276 -32768 2504 -223458995 -872927765 -188780775 552579306
99 -15236 -32768 -16038 -206117840 -842692536 -265836640 574138342
99 -9888 -32768 -29668 -188984200 -809302006 -340254482 588609892
99 -3434 -32768 -32768 -169538931 -773457825 -412440023 596516827
99 -4504 -32768 -32768 -143956987 -735409422 -480555499 600362755
99 372 -32768 -32768 -112797412 -694434717 -545159929 600630847
99 -6614 -32768 -27006 -75297047 -650047428 -606341225 597526889
99 -4600 -32768 -9846 -32217661 -600871769 -663821783 591755755
99 -15126 -32768 21812 15209992 -544795671 -714127679 588138455
99 -30384 -32768 31726 65657555 -479798659 -762248907 580841467
99 -19558 -32768 21048 116824805 -409024785 -806439992 567118005
99 -7424 -32768 7728 162478356 -335091730 -846750361 545202586
99 -7182 -32768 -1270 204966390 -258652930 -882718515 514599727
99 -11318 -32768 -4280 246728916 -177795750 -912671982 476927812
99 -11936 -32768 -3298 286832592 -91961444 -934837974 433894294
99 -11990 -32768 -2488 325217816 -1599048 -947685384 386055130
99 -11356 -32768 -5066 361742550 92623274 -950072757 332925417
99 -10022 -32768 -7114 394843340 189867312 -941024112 274656084
99 -12220 -32768 -7540 424163566 289080675 -918911175 212206942
99 -6578 -32768 -32768 -206977244 -900098871 -413955935 358527951
99 -5696 -32768 -32768 -209006518 -858262797 -487334320 367594760
99 -5636 -32768 -32768 -203746320 -812423123 -557870185 374374631
99 -2048 -32768 -32768 -191923566 -762123015 -626053317 378563550
99 -4874 -32768 -27686 -172560688 -707044934 -691928264 380084908
99 -3556 -32768 -2016 -146998367 -646177923 -754420982 380280411
99 -11836 -32768 19178 -118155461 -577051924 -811729738 383488350
99 -23666 -32768 19506 -88073898 -501045273 -865492201 380837936
99 -23224 -32768 16968 -58215093 -418780483 -913677159 373289861
99 -14866 -32768 7092 -30060146 -331562052 -955109570 360341286
99 -13442 -32768 -5124 -1427169 -239985442 -989436511 341082119
99 -13130 -32768 -8694 26864746 -143826240 -1015209402 317582136
99 -10544 -32768 -7250 52803514 -43454758 -1031230607 291209064
99 -10590 -32768 -8086 77998666 60987251 -1036628887 261748506
99 -12158 -32768 -11894 103447855 169073747 -1030155845 228922272
99 -13606 -32768 -14442 127887336 279160015 -1010615126 193091742
99 -15796 -32768 -15434 150478358 388913121 -977248921 154917377
99 -17946 -32768 -18008 170710598 495508066 -930079238 114864098
99 -19512 -32768 -18914 187508621 596139939 -870031802 73578704
99 -8304 -32768 -32768 -272020685 -841946082 -575291539 197714557
99 -2704 -32768 -32768 -275949249 -793360254 -635661396 208053130
99 -2926 -32768 -28870 -273492633 -741276084 -693948329 216949732
99 -4792 -32768 -18926 -265214516 -685075645 -750270158 224381547
99 -4898 -32768 -8004 -251810955 -624448241 -803650656 231777636
99 -4986 -32768 1470 -234558920 -559229661 -852575204 241410983
99 -12012 -32768 14584 -216692815 -488043693 -897529789 249433402
99 -15370 -32768 17250 -195321537 -411719468 -938219961 254948470
99 -15308 -32768 15520 -171863276 -330574206 -973423597 257970543
99 -12540 -32768 12402 -148800145 -245158308 -1002032482 258079921
99 -10722 -32768 9162 -126390565 -155689854 -1023519580 255170362
99 -9440 -32768 4224 -103846742 -62190022 -1037413275 249077677
99 -9692 -32768 218 -81166368 35387881 -1042834285 239944845
99 -10372 -32768 -3324 -57980601 136701659 -1038666908 228119241
99 -11458 -32768 -7588 -33737997 240662466 -1023809927 213710486
99 -13448 -32768 -10520 -8565476 345552941 -997259989 197248976
99 -16108 -32768 -11122 16396473 449203615 -958586139 178813247
99 -18468 -32768 -11708 40344592 548918317 -908283904 158099442
99 -19492 -32768 -14078 62666708 642110447 -847660160 134735204
99 -14338 -32768 -16244 -12518141 -872762479 611585486 -130414217
99 -15392 -32768 -10448 -34594638 -929934615 522160371 -119537316
99 -16350 -32768 -4042 -56112987 -977167990 427567716 -109981109
99 -18336 -32768 3074 -77162713 -1014006724 329152134 -102035721
99 -20464 -32768 9934 -98108541 -1040072124 229039523 -95300128
99 -21852 -32768 17272 -119313422 -1055457913 129697381 -88704987
99 -23222 -32768 23964 -141534347 -1060720527 33335271 -81525851
99 -23504 -32768 26606 -165880079 -1056749636 -57931686 -72981408
99 -22368 -32768 22688 -193452149 -1044745407 -142178070 -61543921
99 -18880 -32768 10802 -224618068 -1026026700 -218246482 -45867362
99 -12800 -32768 -9096 -258003425 -1001776193 -286565142 -26054250
99 -4806 -32768 -25710 -290364093 -972784821 -349692336 -3680070
99 -6000 -32768 -32768 -315525793 -940045784 -411519986 18133224
99 -6448 -32768 -32768 -331515198 -904842100 -472090758 37537320
99 -2496 -32768 -32768 -341104389 -866758111 -531181962 56073306
99 -4810 -32768 -22538 -343372018 -825110190 -590682981 72819424
99 -7028 -32768 -8162 -341254244 -779131990 -649457212 87317431
99 -21758 -32768 27602 -334683232 -729651966 -705566429 103398419
99 -8230 -32768 15222 -329538980 -674779361 -758535605 116707331
99 -6892 -32768 4362 328192042 195955805 986811507 -181696950
99 -6716 -32768 4400 311994435 112876260 1002296148 -195550276
99 -6032 -32768 2546 292867831 25422140 1011254119 -209441726
99 -7714 -32768 4462 270628181 -66568450 1012636203 -223192435
99 -10608 -32768 4136 244496916 -162669029 1005277883 -236840707
99 -13492 -32768 1596 215656222 -261696183 987977871 -248643439
99 -14754 -32768 -782 185267362 -361590963 960132216 -256884926
99 -17060 -32768 -2086 153649286 -460086146 921587048 -261352827
99 -19878 -32768 -4510 121273422 -554979412 872968170 -261021861
99 -19564 -32768 -9130 89560713 -644032894 815672883 -254546116
99 -15652 -32768 -14416 59092341 -725775923 751096987 -241922504
99 -14394 -32768 -18634 28736099 -799600708 679368810 -226245142
99 -15812 -32768 -20518 -1838796 -864822203 600476152 -210769046
99 -15480 -32768 -19010 -31155542 -920709702 515666857 -195772726
99 -15052 -32768 -12466 -58406799 -966935981 425953360 -181944280
99 -15912 -32768 -5750 -84432270 -1003183838 332402421 -170055139
99 -16976 -32768 144 -109735302 -1029220282 236634832 -159952332
99 -18612 -32768 7762 -134221009 -1045110645 140368136 -151468227
99 -20126 -32768 14944 -158264127 -1051171162 45500772 -144357745
99 -5214 -32768 -29426 318532967 942202367 384328286 126501100
99 -7082 -32768 -32768 350995296 904989723 447855325 100702513
99 -7670 -32768 -32768 373333733 864328645 510474957 76765804
99 -4310 -32768 -32768 387844495 820346604 571636166 52535419
99 -7832 -32768 -23038 394226803 772540247 632357829 28462318
99 -8398 -32768 -1426 396179493 720760564 690243165 5492280
99 -418 -32768 -2092 394973841 665593704 743969018 -20260506
99 -19414 -32768 18010 396256729 604054588 793112665 -44616243
99 -21600 -32768 21168 395423566 539403434 837426087 -65737439
99 -14808 -32768 11240 393194422 470532095 877269367 -85532450
99 -8570 -32768 1806 388864710 397836316 912388343 -104773812
99 -6386 -32768 1038 382352584 321632111 942280054 -124044322
99 -7180 -32768 3010 374030501 241555149 966536816 -143101630
99 -9598 -32768 5208 363313390 157179746 984899349 -161833363
99 -10358 -32768 4758 349814207 68321086 996715279 -180109165
99 -9744 -32768 668 333489429 -24976897 1001056690 -197393770
99 -10186 -32768 -3818 314400602 -122252582 996804203 -213319316
99 -11526 -32768 -8002 292483154 -222493842 982961856 -227272002
99 -13898 -32768 -11402 267902564 -324196383 958701835 -238603270
99 -16234 -32768 -16938 -155545107 686875765 -765048107 267627168
99 -14570 -32768 -20848 -122167368 765014458 -695299902 263251989
99 -14480 -32768 -20152 -88255829 834976020 -617556795 258002103
99 -15294 -32768 -15610 -54458051 895797775 -532353731 253171296
99 -16024 -32768 -10094 -21052411 946629145 -441027936 248716771
99 -17132 -32768 -3468 11882181 986827187 -345126030 244611353
99 -19036 -32768 3250 44439783 1015935875 -246409311 241035069
99 -20474 -32768 9818 76641295 1033886563 -147239383 237574788
99 -22498 -32768 17766 108521480 1041153532 -49980162 233755296
99 -24258 -32768 25340 140795575 1038625577 42718529 229186702
99 -24696 -32768 29236 174920494 1027855408 127912624 222425582
99 -23372 -32768 24562 212345611 1010725403 203424573 211852083
99 -19178 -32768 10272 253155410 989096124 268461458 196085352
99 -10562 -32768 -11994 295522950 964226616 324463089 174862859
99 -6152 -32768 -32768 336164900 936151601 375748286 149488353
99 -5472 -32768 -32768 365684686 906534404 426330373 125032495
99 -3800 -32768 -32768 388418389 875367016 475187218 99907779
99 -232 -32768 -32768 403464285 842198105 524638524 74793282
99 -2820 -32768 -19736 411182299 806173681 575690818 50138103
99 -3116 -32768 14530 -423541678 -568430007 -805605649 37671194
99 -3232 -32768 1886 -429903056 -500742141 -845088010 56450722
99 -7430 -32768 -2580 -432091721 -429403485 -881091741 74205135
99 -8132 -32768 -2788 -430988936 -355026136 -912501339 92010137
99 -6476 -32768 -156 -428250312 -277131766 -938352220 110517778
99 -5822 -32768 -782 -423813046 -194730067 -958483468 129194571
99 -5978 -32768 -4960 -416183815 -107580139 -972783773 147742784
99 -6038 -32768 -10204 -404624020 -15887357 -980479707 166146468
99 -7740 -32768 -13394 -388552689 79899253 -980514315 184802675
99 -10428 -32768 -13770 -368016765 179023273 -971548464 203775780
99 -13404 -32768 -16048 -343236172 280139926 -952489655 222238394
99 -16800 -32768 -15898 -314589864 381208852 -922717131 239210037
99 -19026 -32768 -14546 -283431134 479781043 -882103510 253545671
99 -19564 -32768 -14628 -250734761 573654421 -831481790 263829197
99 -17542 -32768 -17894 -217054610 661282313 -772092069 269039354
99 -14874 -32768 -21958 -182570914 741691260 -704804954 269680200
99 -13106 -32768 -23338 -147292891 814202909 -629739915 267808833
99 -12986 -32768 -19436 -111706840 878018398 -546799151 265577401
99 -14936 -32768 -12276 -75967537 932227778 -456534248 263954606
99 -18910 -32768 626 24185164 -989160946 330582663 -254176755
99 -21900 -32768 11248 -11692424 -1017467684 229129592 -255025121
99 -23962 -32768 20266 -48611234 -1033991254 128567085 -254726562
99 -25242 -32768 26508 -87242222 -1039645554 32171907 -251809148
99 -24588 -32768 25860 -128639710 -1035909800 -57178738 -244930900
99 -21798 -32768 19334 -173405359 -1024617878 -137624030 -232523015
99 -17280 -32768 2900 -221114654 -1007183429 -208979081 -214328248
99 -10206 -32768 -19428 -269452887 -984798172 -272649475 -190129594
99 -5206 -32768 -32768 -314195966 -957877198 -332345452 -161920314
99 -4764 -32768 -32768 -349606740 -926689130 -392152603 -134753808
99 -4636 -32768 -32768 -376287342 -892269920 -451214191 -107647687
99 532 -32768 -32768 -394298183 -854571990 -510506908 -80860201
99 -4744 -32768 -23566 -403160613 -812714339 -571712074 -54973898
99 -4198 -32768 1396 -406616791 -766301824 -631927981 -32112561
99 -6478 -32768 30274 -407651978 -715453748 -689076913 -6206306
99 -5528 -32768 19600 -413655827 -656250204 -742238999 15014090
99 -744 -32768 14236 -421659506 -592903944 -788828900 36562531
99 -5906 -32768 6518 -431243106 -524463679 -829957721 55290484
99 -8746 -32768 -2128 -435333516 -452351812 -868120171 71759619
99 -7130 -32768 4622 415706264 286529616 937936561 -135217773
99 -6968 -32768 3648 407953397 208897676 958470688 -155528792
99 -6026 -32768 882 397535784 126544799 973667744 -175618708
99 -6494 -32768 -3074 383750818 39431652 982789872 -195507347
99 -8644 -32768 -6558 366308878 -52013967 984829256 -214806238
99 -10676 -32768 -8512 345731310 -146959367 978540869 -232912036
99 -13360 -32768 -8406 321904539 -244072775 963057280 -249486445
99 -16366 -32768 -9388 294827506 -341681442 937915610 -263744625
99 -17586 -32768 -10778 265271971 -437793936 903096271 -274409390
99 -17044 -32768 -13028 234200034 -530473493 859011688 -280647871
99 -15496 -32768 -17502 202124200 -618349235 806311749 -282077113
99 -13218 -32768 -22192 169315000 -700403296 745554046 -278985546
99 -11802 -32768 -24398 135772704 -775713220 676774583 -273362363
99 -12556 -32768 -22804 101730379 -843397913 599836763 -267287577
99 -13492 -32768 -18320 67306319 -902377897 515391208 -261670958
99 -15238 -32768 -10354 33038253 -951565146 424528128 -257145646
99 -17486 -32768 -2262 -1244443 -990047583 328748867 -254252327
99 -19956 -32768 5840 -35558692 -1017322034 230287376 -252339622
99 -22234 -32768 14932 -69855260 -1033406122 132012325 -250362587
99 -16106 -32768 -6866 -81166791 852787606 -556764902 330293844
99 -16114 -32768 -1782 -38390665 904606063 -472147483 331974021
99 -17650 -32768 2654 4474200 946467424 -382461552 332894242
99 -19024 -32768 6720 47122385 977804086 -289630129 332730105
99 -19858 -32768 13136 88886113 998546002 -196045516 330889814
99 -21114 -32768 19992 129926487 1008958467 -104094963 327419514
99 -21902 -32768 24486 170790954 1009893849 -16277015 321866426
99 -21774 -32768 26738 212104194 1002852934 65057686 313024067
99 -19250 -32768 22382 254758396 989499231 138115115 299721508
99 -16186 -32768 9178 298725318 971428495 202623969 280985971
99 -9922 -32768 -9848 342024859 950032197 259743801 256731355
99 -8832 -32768 -25530 382859023 925429516 312721135 228308540
99 -5696 -32768 -32768 413255549 898222435 366004890 203414050
99 448 -32768 -32768 437949102 868804047 417974860 177757388
99 1526 -32768 -32768 454696195 837148431 471505425 151779800
99 -5462 -32768 -11362 461501285 803953780 527449019 124068011
99 -8366 -32768 10704 465252929 766792001 581996351 98845652
99 -5656 -32768 29458 467307881 725745786 634246164 74623554
99 -17382 -32768 32767 470978276 679045338 683383796 54626163
99 194 -32768 -28670 -526714717 -807754445 -433132591 -188205460
99 -1252 -32768 -11990 -535181964 -779499100 -483364862 -158872922
99 -7830 -32768 10398 -539468283 -747976018 -534179419 -130686329
99 -5792 -32768 20458 -542488178 -712777959 -582726065 -104905894
99 -1368 -32768 15560 -545555499 -672140062 -630187261 -79884696
99 -8490 -32768 22188 -551037836 -627905463 -672382376 -53988250
99 -7908 -32768 20246 -558790611 -580397679 -709213079 -28794823
99 -5662 -32768 9438 -564688814 -529875317 -743813417 -4583049
99 -5502 -32768 2064 -566794877 -476940973 -777047124 19731193
99 -4806 -32768 1558 -565954475 -422103809 -807720945 45071309
99 -3784 -32768 4892 -563149171 -364640819 -835263486 71802101
99 -4092 -32768 4994 -558388999 -303452853 -859745683 99377319
99 -4672 -32768 2994 -550703253 -238588729 -881149406 127660833
99 -4710 -32768 1348 -539660119 -170182153 -898965018 156802052
99 -5822 -32768 1398 -524812486 -98031093 -912662656 186891230
99 -7412 -32768 -420 -505503665 -22395890 -921648642 217824695
99 -8604 -32768 112 -482172576 56192299 -924753067 249204323
99 -10386 -32768 3104 -455506119 137202277 -920813617 280554130
99 -12448 -32768 5526 -425453459 219965003 -909286139 311001165
99 -7078 -32768 21778 587488835 633655590 632308080 80279019
99 -11848 -32768 24048 596534007 588754300 669163970 51535417
99 -10218 -32768 12810 604010798 540951227 703465628 24486495
99 -12040 -32768 7222 606951622 491197156 737053896 -2713980
99 -11008 -32768 5726 606794772 439883381 768286609 -30969514
99 -8200 -32768 8502 604578299 386446453 796451430 -61073516
99 -7044 -32768 10516 600566115 329440197 821652797 -92718196
99 -6866 -32768 8034 593804645 268448694 844112058 -125405232
99 -6158 -32768 5970 583718196 203787956 863300762 -159296612
99 -4872 -32768 4630 569958419 135282021 878661066 -194218167
99 -6332 -32768 3678 551540872 62844381 889813301 -230228029
99 -8698 -32768 3334 528019948 -12958272 895922892 -266961019
99 -10192 -32768 4878 500204741 -91551228 895569620 -303788151
99 -12392 -32768 7134 468526589 -172361796 887810697 -339830247
99 -14104 -32768 6868 433112119 -254613717 872291710 -373645206
99 -14934 -32768 4478 394289469 -337273281 848928684 -403757570
99 -15244 -32768 384 352457305 -419347892 817837346 -428929578
99 -14468 -32768 -5120 307650125 -499525479 779309190 -448798413
99 -13744 -32768 -9724 259548502 -576305733 733589640 -463971410
99 -1516 -32768 3442 -659437239 -382755671 -753454503 62189253
99 -2328 -32768 4872 -656097719 -326445347 -778739957 97230308
99 -3284 -32768 1856 -649205485 -266539241 -801671716 133160726
99 -4394 -32768 -286 -637858100 -203326241 -822002564 170373966
99 -5198 -32768 -1000 -621983007 -136792704 -838820955 209102919
99 -6684 -32768 -256 -601358388 -66546359 -851340183 249156379
99 -8178 -32768 -1162 -575295162 7106618 -858850130 290310708
99 -10448 -32768 1054 -544194522 83696393 -860048771 331785711
99 -12688 -32768 4818 -508464235 162430089 -853802136 372854451
99 -14814 -32768 8804 -468252729 242424053 -839462615 412540869
99 -16366 -32768 10230 -424030202 322928893 -816737754 449190230
99 -16426 -32768 8220 -376056544 402995879 -785959633 480999022
99 -16330 -32768 3648 -324516730 481559113 -747675396 506643641
99 -15002 -32768 -4168 -269318092 557413029 -702554853 525444119
99 -14568 -32768 -9354 -210752316 628858905 -650602719 538286362
99 -15196 -32768 -9038 -149949264 694240019 -591064432 546904797
99 -15538 -32768 -5440 -88388073 752337605 -524079903 551753471
99 -15384 -32768 -1246 -26686594 802044825 -450857614 552861057
99 -16484 -32768 2514 34915577 842289186 -372667147 550785946
99 -3512 -32768 320 673081506 245132776 784145420 -157821061
99 -4216 -32768 -1226 660307660 184092609 802710613 -196670999
99 -5426 -32768 -958 642826070 119990640 818050380 -236833920
99 -7722 -32768 2142 620842328 52702986 829042057 -278183361
99 -9300 -32768 2920 594187024 -17570378 834907077 -320128722
99 -10774 -32768 4026 562955159 -90426996 834855033 -361718570
99 -12310 -32768 5158 527326343 -165252359 828229512 -401961336
99 -13952 -32768 4998 487445141 -241386274 814620304 -439820173
99 -14912 -32768 2688 443708151 -318165807 793819652 -473985014
99 -14916 -32768 -1548 396823524 -394928196 765910678 -502853129
99 -13240 -32768 -8342 347037302 -470668804 731263254 -525554462
99 -12106 -32768 -14090 293825773 -543864695 690154882 -542661114
99 -12334 -32768 -13422 237407163 -612671529 641669434 -556281201
99 -13426 -32768 -8070 178777006 -675598094 585130860 -567577884
99 -13848 -32768 -2072 118465988 -731376637 521275605 -576404727
99 -15084 -32768 4264 56682684 -778738839 451291169 -582757021
99 -17376 -32768 9544 -6154372 -816771684 376704071 -586393064
99 -18866 -32768 14288 -68795389 -845353391 299805174 -586241158
99 -19846 -32768 19386 -130072253 -864824902 223245178 -581582551
99 -4770 -32768 -2142 -663456926 -136816348 -805979613 210767548
99 -5922 -32768 -758 -644185134 -70822646 -817593189 253910666
99 -8220 -32768 1300 -619981738 -1769352 -824412511 298132078
99 -9908 -32768 2846 -590804939 69842870 -825638817 342506763
99 -11384 -32768 5374 -556848343 143454000 -820389228 386291145
99 -13060 -32768 6506 -518426588 218584897 -807995340 428387827
99 -13714 -32768 5478 -476003765 294850729 -788182191 467086761
99 -14036 -32768 2590 -429654189 371572115 -761033854 501075171
99 -14000 -32768 -3130 -379029125 447706051 -726896383 529561081
99 -13056 -32768 -9560 -323625791 521647793 -686122426 552542025
99 -13136 -32768 -11040 -263933096 591375387 -638149702 571223129
99 -13992 -32768 -6124 -201313054 655084475 -582057761 586909132
99 -15728 -32768 500 -136707979 711422325 -518147213 599690476
99 -16956 -32768 6468 -70787723 759423700 -448029337 608646413
99 -18504 -32768 10836 -4218430 798320446 -373752743 613100128
99 -19576 -32768 12754 62182738 827936114 -297849345 612256103
99 -20396 -32768 14894 127047381 848631223 -222616564 605840906
99 -20552 -32768 16834 189443653 860969120 -150055908 594343807
99 -20074 -32768 17588 248975215 866076583 -82176672 578003863
99 -18494 -32768 16400 305574201 865297936 -20433466 557122740
99 -15882 -32768 5526 38776110 -782131705 424561582 -599524718
99 -17866 -32768 11236 -26840715 -817977926 347569072 -601916590
99 -19532 -32768 16522 -91946153 -843883375 268625638 -600136318
99 -20320 -32768 21008 -155674954 -860113038 190483926 -593804645
99 -21256 -32768 24374 -217513832 -867287966 115424416 -583176166
99 -20860 -32768 24298 -277091235 -866865507 45875427 -567960168
99 -19176 -32768 21154 -334202281 -860803077 -16363995 -547702872
99 -16890 -32768 13286 -388818990 -850797602 -70817507 -522367599
99 -12868 -32768 662 -440362651 -838529788 -117937565 -491893688
99 -7618 -32768 -10078 -488338421 -824925957 -159817056 -456510208
99 -7032 -32768 -25336 -532207528 -808699214 -200218597 -419038991
99 -3518 -32768 -32768 -565822473 -791910273 -243330353 -382667074
99 -950 -32768 -30516 -594231935 -775209972 -285564188 -342507945
99 1652 -32768 -30058 -616069337 -756142902 -331466880 -302913958
99 -1566 -32768 -11214 -632381234 -734301907 -380102877 -263319420
99 -5386 -32768 5070 -645923837 -707554571 -429274631 -225372569
99 -4390 -32768 16186 -656868429 -676220516 -477959979 -189009244
99 -5202 -32768 14492 -668400358 -638611762 -524193813 -153483908
99 -14464 -32768 21232 -679715837 -597067424 -566093224 -118135271
99 86 -32768 -32768 635869900 745606783 302553499 317997017
99 -2958 -32768 -11276 652264733 726813731 350027573 276936590
99 -3564 -32768 3482 665616452 702706506 398931297 238605817
99 -3850 -32768 15508 675833437 674309065 447949243 202036028
99 25352 -32768 3116 685426801 639811682 495783729 167182968
99 -9340 -32768 23388 696144999 600957034 539460260 127027849
99 -13106 -32768 24592 708137091 559097535 575047765 90512798
99 -11290 -32768 11760 718951032 513929375 607367914 54871712
99 -11932 -32768 2594 724428993 467189695 639931478 18567841
99 -11388 -32768 160 725209294 419639198 671211193 -19250177
99 -8450 -32768 3300 722365823 371047487 699947150 -59210774
99 -6848 -32768 8868 717248172 319501417 725376560 -101109670
99 -6738 -32768 7380 709202428 263919023 748025035 -144074381
99 -6364 -32768 4496 696650934 204953709 768228392 -188192918
99 -5764 -32768 3008 679427734 142615961 785138046 -233487872
99 -6672 -32768 148 656870639 76740076 798298531 -279769003
99 -9048 -32768 -964 628174709 7982538 807127389 -326798234
99 -10646 -32768 398 594167799 -63292542 809925902 -374028334
99 -12692 -32768 3670 555296160 -136536779 805608865 -420614187
99 -4006 -32768 9520 -739266896 -369318507 -683158181 57478993
99 -3996 -32768 10274 -734777079 -319940420 -707520550 100378957
99 -4378 -32768 7216 -726711597 -266896995 -729936722 144114375
99 -4604 -32768 4378 -714480849 -210527344 -749942327 188949658
99 -4840 -32768 2384 -697521964 -150926703 -767042079 235054311
99 -6058 -32768 2568 -675347908 -87975628 -780554035 282524985
99 -7340 -32768 1628 -647621158 -21800501 -789596584 331010378
99 -9598 -32768 2790 -614453275 47274902 -793020827 379801051
99 -11862 -32768 4804 -575934371 118643619 -789887072 428041888
99 -14304 -32768 6364 -532020139 191534181 -779597879 474777922
99 -15634 -32768 6422 -483258721 265294763 -761770031 518366125
99 -16096 -32768 5128 -430488407 339105242 -736319648 557169447
99 -15938 -32768 1240 -373990044 412094920 -703760802 589870153
99 -14434 -32768 -4766 -313753705 483110440 -664614653 615927691
99 -12900 -32768 -8242 -249672752 550360386 -618928978 636089846
99 -14564 -32768 -5044 -182179634 611774666 -565470462 652458103
99 -15928 -32768 864 -112433958 666084931 -503903532 665346919
99 -16448 -32768 7608 -41648434 712167127 -435743523 673889281
99 -18338 -32768 13310 29731588 748913437 -362777667 677903351
99 -20034 -32768 17086 100761339 776083681 -287494607 676612456
99 -15308 -32768 6366 441294182 -260357268 757310052 -562914678
99 -15120 -32768 2220 388485035 -332911850 733855851 -593820190
99 -13690 -32768 -3508 333008117 -405076564 704482545 -617770623
99 -11890 -32768 -9990 274124432 -475064416 669433430 -635567421
99 -12158 -32768 -11678 211803232 -541312523 627867715 -648706028
99 -12918 -32768 -8016 147100703 -602499273 578719705 -658298213
99 -13386 -32768 -1670 80980867 -657204068 522092890 -664726124
99 -14584 -32768 4888 13695237 -704117569 458900351 -668100412
99 -16048 -32768 9698 -54231358 -742479687 390777580 -667826781
99 -17312 -32768 13494 -121575061 -772213017 319882540 -662947097
99 -18204 -32768 17510 -187129492 -793398768 248371586 -653245824
99 -18872 -32768 21148 -250157599 -806260135 178291216 -639137064
99 -19290 -32768 23960 -310227372 -811695783 111776958 -620752475
99 -19074 -32768 24542 -367296508 -810961866 50881764 -598134219
99 -17714 -32768 19860 -421499524 -805611710 -2738109 -571174484
99 -14998 -32768 9586 -472567412 -797426824 -48681105 -539760025
99 -10440 -32768 -1866 -519915001 -787972930 -88090583 -503932113
99 -8436 -32768 -10314 -563696886 -777048927 -123591086 -464851180
99 -10562 -32750 -25824 -600657316 -765285983 -158935907 -425685758
99 -5158 -32768 -1118 -603484676 2376220 -780764143 423235369
99 -5630 -32768 -1352 -571956276 61552771 -780305449 461649950
99 -7478 -32768 -420 -536741604 123382962 -775031983 498929099
99 -9360 -32768 -1392 -497490432 187243184 -764740767 534354073
99 -10260 -32768 -2864 -454515541 252608983 -749169892 566805092
99 -10832 -32768 -4136 -408110991 318673310 -728187578 595444861
99 -11898 -32768 -5232 -358146541 384187838 -701757404 620150058
99 -12342 -32768 -5646 -304967386 448000379 -669923438 640633899
99 -12390 -32768 -4810 -249118909 508715526 -632895132 656894687
99 -13264 -32768 -1900 -191066659 565138906 -590737733 669372134
99 -13530 -32768 908 -131524728 616383361 -544021330 678035566
99 -13466 -32768 3166 -71214455 661841713 -493810894 682615284
99 -13634 -32768 5300 -10639092 701000335 -440959432 683344035
99 -14482 -32768 7372 49523756 733696520 -386477115 680287754
99 -14448 -32768 8970 108373165 760022875 -331575958 673496347
99 -14284 -32768 10296 165270692 780319352 -277496929 663100691
99 -13978 -32768 10666 219907900 795117407 -225346552 649282534
99 -12950 -32768 9734 271985739 805293769 -176139440 631997565
99 -11246 -32768 8202 321550413 811781690 -130562328 611138142
99 -10720 -32768 2468 608463441 113366161 830005704 -284480774
99 -12112 -32768 764 581366228 34329770 839652296 -329752649
99 -13734 -32768 -996 549061623 -47917602 842498396 -373295108
99 -15790 -32768 -2512 511005006 -132408829 838125195 -414493682
99 -18056 -32768 -3432 468115060 -218120371 825591876 -452334550
99 -17654 -32768 -4988 421805886 -304088696 804546656 -485006230
99 -15558 -32768 -7402 372616979 -388996274 775270163 -511577009
99 -14064 -32768 -11318 319568326 -471524917 738214419 -532443353
99 -13816 -32768 -12710 262136791 -550342315 692976418 -548732213
99 -13952 -32768 -9516 201126016 -623967988 638804097 -561299309
99 -15038 -32768 -3310 137222817 -690722674 575460881 -570816748
99 -17208 -32768 4572 70795905 -748843865 503557940 -577550651
99 -20150 -32768 13552 2727259 -796998781 424757178 -580759241
99 -21602 -32768 20008 -66057964 -834344235 342227325 -579052081
99 -22788 -32768 22900 -134857108 -860766921 259408404 -571416338
99 -22684 -32768 22602 -202649910 -876801045 179052033 -557682407
99 -22108 -32768 19414 -268448235 -883964154 103803030 -537294274
99 -20734 -32768 13508 -331280968 -883841237 34910531 -510663235
99 -17760 -32768 2704 -390454320 -878055095 -27199432 -478271499
99 -14392 -32768 -572 -46411977 735449075 -526358654 576909397
99 -15326 -32768 3520 12670556 780879782 -459100577 576376871
99 -16478 -32768 8788 71306233 817700805 -388504298 572942324
99 -18016 -32768 16152 128686154 845470181 -316245368 567033502
99 -19174 -32768 23526 184446096 864147653 -244662442 558826767
99 -19166 -32768 28202 238677089 874378447 -176416069 547989142
99 -18636 -32768 29552 291496026 877383616 -113405569 534122534
99 -16682 -32768 25856 342914363 874626051 -56751741 516854239
99 -14198 -32768 17816 392656027 867858384 -6739795 495497726
99 -10296 -32768 6958 440036767 858491571 37617515 469963125
99 -7442 -32768 -2804 484763791 847099072 78255556 440708459
99 -7628 -28188 -21240 525909067 833032313 117768849 410521712
99 -3538 -31114 -30544 557226987 819992153 158687530 380591888
99 -5236 -28292 -23966 583389935 807972800 199062015 346599821
99 520 -30518 -25270 605421467 793232850 241440250 314442478
99 -1458 -32268 -12734 623058080 776154787 287430390 282288986
99 -2502 -32768 -3354 637876382 755198516 335218869 251670646
99 -4058 -32768 6876 650721638 730563467 383214322 221147003
99 -5614 -32768 3354 662050128 701921279 430625558 190993672
99 -20080 -32768 22398 -370207746 -869631651 8317017 -509448101
99 -16668 -32768 6740 -423716267 -861430874 -41497468 -479165226
99 -10956 -32768 -8644 -472894549 -852062881 -83801500 -443009254
99 -9488 -32768 -19284 -518024061 -841319623 -121469478 -402489707
99 -5036 -32768 -32768 -554460596 -829553589 -158997236 -363393711
99 -238 -32768 -32768 -583742398 -818301388 -196004390 -322693004
99 -1916 -32376 -32768 -608867701 -805463076 -233317871 -281057010
99 -556 -32768 -19838 -625089391 -792350852 -275915175 -241319450
99 1292 -32768 -10938 -637832423 -774851864 -321883453 -205149490
99 -2330 -32768 3442 -646815438 -753472888 -371106417 -170614216
99 -2526 -32768 12998 -653078744 -727874181 -421167884 -138656850
99 16490 -32768 10274 -658917654 -697208220 -470235291 -107367200
99 6104 -32768 17832 -665226680 -661176879 -517900219 -70841467
99 -1900 -32768 19108 -673547723 -621159875 -558624114 -36792461
99 -4468 -32768 12136 -682298715 -577776212 -594593237 -4771400
99 -8080 -32768 3420 -687779337 -532168303 -629267607 26448446
99 -8568 -32768 -2846 -689080582 -485147301 -662844311 57949992
99 -7328 -32768 -5432 -686257080 -436812787 -694870033 91225654
99 -6712 -32768 -3220 -679925259 -386335882 -724726437 127036892
99 -1616 -32768 -32768 569169679 834248560 150431354 332214421
99 1518 -32768 -32768 592163856 822701824 196167446 294860639
99 -1012 -32768 -18462 607162126 810392959 246694982 258224204
99 -1834 -32768 -7698 618408052 794066779 299204920 224558691
99 -8738 -32768 13152 626602334 774684644 351467911 191374756
99 11148 -32768 9820 633189573 750894102 402374202 162002592
99 3642 -32768 19556 640249248 723984776 450965319 124410230
99 1342 -32768 24114 650477594 692827555 491786833 89081169
99 1256 -32768 5992 664248577 656556153 526727364 56454156
99 -578 -32768 -3314 673251307 618950233 562075057 25017126
99 -6688 -32000 -9168 677462282 580827065 597134028 -6057745
99 -5538 -32768 -2416 676957658 544186573 630104521 -38452640
99 -2714 -32768 2436 676370628 505618003 659291770 -71614160
99 -6438 -32768 8984 673662311 464519173 687079315 -106037686
99 -5570 -32768 8948 669461180 420360259 712951856 -140497418
99 -5076 -32768 7004 662782684 373112130 737349107 -175338382
99 -5576 -32768 4600 652357485 323108536 760599759 -210806250
99 -5402 -32768 1944 638137650 270386280 782053971 -246948856
99 -5684 -32768 1178 619925143 215036251 801113527 -283883321
99 -6148 -32768 -14146 -530706792 -847069697 -113638950 -375272809
99 -10060 -32768 -25574 -567493830 -832675017 -158154817 -335426083
99 -464 -32768 -32768 -596221478 -817186331 -204094507 -296635214
99 -5014 -32768 -32768 -621270145 -799495048 -250632448 -254823506
99 -2726 -32768 -20142 -635305459 -781822305 -303192190 -214792480
99 -2986 -32768 -6616 -645269226 -759919802 -357736092 -176337381
99 -5808 -32768 7972 -651609391 -733509398 -413355648 -139379610
99 -5846 -32768 26462 -656162643 -702611805 -467087405 -102649840
99 14130 -32768 12782 -662626103 -664164531 -518229091 -64582009
99 4722 -32768 12300 -667723589 -621826402 -565536512 -23787100
99 -1892 -32768 10812 -673332057 -576048807 -606217995 14555963
99 -8724 -32768 5154 -675028079 -527800810 -645039413 51068327
99 -12446 -32768 2314 -671955019 -478264321 -681970963 87038746
99 -11606 -32768 4406 -665868821 -427324574 -715243621 123933181
99 -9742 -32768 9730 -657406296 -373630808 -744863167 162222599
99 -9388 -32768 8478 -646044263 -315922715 -771536112 201176082
99 -8222 -32768 4930 -630445361 -254543403 -795493687 240532773
99 -7986 -32768 4802 -610642458 -189370743 -815806076 280418601
99 -8542 -32768 2546 -585792553 -120413963 -832185993 320520367
99 822 -32768 -19136 642987739 778806435 294356008 215180525
99 -1346 -32768 -6956 650984961 760605012 344459375 178793474
99 -5888 -32768 9746 656475192 738797996 394479263 143264521
99 -17304 -32768 12022 660457850 712957100 443251074 109255914
99 -29008 -32768 32767 665847727 683130004 486856830 76625869
99 -9202 -32768 20772 673685916 648688093 525569118 45266327
99 1486 -32768 6490 681291271 610439472 562134050 11489331
99 1868 -32768 -3402 684141913 569725731 599796600 -22961198
99 844 -32768 -8014 682303454 527590410 636958987 -57570232
99 578 -32768 -6690 677149088 484296326 671676574 -93260298
99 -286 -32768 680 669531490 438784410 703632349 -130453007
99 -2100 -32768 4658 660011789 389431926 732999059 -168404616
99 -4310 -32768 5270 647605159 336188650 760093244 -206793073
99 -5796 -32768 6746 631725284 279282128 784522822 -245700586
99 -6720 -32768 7602 612067801 218462667 805848587 -284912369
99 -8144 -32768 6850 587781463 153655483 823816232 -324267445
99 -9990 -32768 6442 558439643 85268485 837685795 -363422933
99 -10624 -32768 6578 524503113 13510990 846272133 -401816278
99 -12074 -32768 6890 486056155 -61272924 848776587 -438738933
99 14 -32768 13890 -654368482 -729966773 -430270756 -82088242
99 -9556 -32768 23790 -656701445 -705065611 -471457238 -47695163
99 -6194 -32768 29116 -663687197 -676133544 -505058880 -14119889
99 -2688 -32768 14544 -675273615 -640288894 -535405803 17243420
99 -3480 -32768 202 -682102484 -602040635 -568418913 45872020
99 -4064 -32768 -5794 -684361947 -562771265 -601871871 74889784
99 -2774 -32768 -6198 -683270167 -522337707 -634109607 105504365
99 -2396 -32768 -1536 -679722042 -479434320 -664755697 138352493
99 -2502 -32768 856 -674244242 -432558172 -693853818 172556509
99 -3208 -32768 158 -665991802 -381435679 -721639053 207652090
99 -4036 -32768 -1108 -653917076 -326429434 -747968853 243514383
99 -4750 -32768 -2212 -637520149 -267808477 -772173029 280206439
99 -5162 -32768 -3594 -616444547 -205653054 -793537552 317680633
99 -5434 -32768 -3608 -590190953 -139991080 -811399683 355847210
99 -6896 -32768 -3122 -558606087 -70738813 -824739666 394561616
99 -9254 -32768 -2132 -521861854 1971655 -832470775 433090512
99 -10974 -32768 -1732 -480167583 77680245 -833700587 470389619
99 -13364 -32768 -652 -433501184 155523064 -827858941 505427138
99 -16116 -32768 510 -382619246 234519636 -814304539 537055408
99 -7920 -21602 -32768 600349912 831186639 227959256 222855064
99 -1610 -23952 -21624 609308024 818846014 271248141 193856945
99 -3472 -28374 -12640 614941955 803991724 318180763 164698956
99 -4518 -32768 -1996 617333625 786679761 366579601 136288508
99 -794 -32768 3234 618257600 766815946 413834011 106832828
99 -4928 -32768 12730 618470915 744297733 459113905 75166777
99 17498 -32768 -606 620502271 718134514 500284446 43546069
99 -2802 -32768 32767 623010722 689436192 537961774 7319174
99 -8256 -31550 13850 632250995 655056272 568838523 -22445943
99 -9938 -31648 6152 639390476 619148559 598611461 -49197135
99 -12590 -29096 -370 642189523 582703700 628738020 -75224163
99 -10896 -32768 2494 641044768 546618681 657794253 -102457365
99 -5462 -32768 3082 639232878 508656699 684488214 -130563063
99 -5570 -32768 4594 634944141 467873915 710780831 -160161176
99 -3864 -32768 2964 628641790 423969288 736040847 -190327078
99 -2282 -32768 1288 619925278 376814464 760099511 -221072670
99 -2510 -32768 182 607872588 326390846 783027268 -252485605
99 -2670 -32768 -1226 592367839 272629470 804225385 -284456761
99 -3136 -32768 -928 573360173 215580838 822966416 -316906496
99 -8054 -32768 -50 -445771584 -901458064 -27662130 -375255425
99 -5602 -32768 -9170 -482970831 -892801427 -67673690 -343490779
99 -5610 -27344 -25752 -514354462 -883511554 -106351332 -310575658
99 -2602 -27322 -27482 -539161721 -875051491 -143306916 -275633327
99 -5338 -22508 -22910 -560612919 -864704665 -180662429 -241415029
99 -1374 -27418 -22534 -575883979 -853023492 -221838443 -210754310
99 -2578 -27514 -13474 -587624791 -839208951 -265696531 -180974856
99 -3850 -30952 -3828 -595795658 -822742378 -312156482 -153629146
99 -3728 -32768 7762 -602016898 -803375355 -358805705 -127840654
99 3870 -32768 4052 -605769386 -781453721 -406082566 -101938681
99 -1358 -32768 18654 -610128460 -757033218 -449742187 -72780509
99 -464 -32768 21136 -618700660 -727677900 -488578987 -43657729
99 210 -32768 5476 -630812353 -692799918 -524187622 -15887411
99 1356 -32768 -5818 -639935177 -655838550 -559603094 11142932
99 888 -32768 -16180 -645094211 -617196028 -595251741 38972633
99 -1578 -32768 -13024 -645286868 -578408468 -630270218 68767225
99 -1178 -32768 -7322 -643337188 -537741796 -663253105 99836257
99 -2926 -32768 -2960 -639015164 -494143906 -694854071 132589874
99 -4350 -32768 1458 -632215983 -447422469 -724771636 166561997
99 -4034 -32768 2592 -623861590 -396603488 -752315951 201106215
99 -9346 -32768 4714 380473870 943643023 18530070 342571118
99 -6754 -31946 -4416 417976910 936038935 57759386 314183386
99 -4266 -19652 -18228 452139452 926839472 93995685 283944304
99 -8764 -17972 -11002 480656795 918509606 126696391 249355710
99 8466 -14868 -29668 507178223 904853907 161238526 225683465
99 5736 -22514 -32768 529005624 891281986 199704544 196999113
99 2372 -18204 -25732 542009754 878889019 240904044 169310346
99 2242 -21678 -19798 549818999 865008124 286056957 143361632
99 -554 -25158 -10962 554296419 848619963 333696795 119025961
99 -1612 -32516 1956 555868150 829890096 382197743 95598025
99 -7406 -32768 12610 557814132 807727027 429277925 71147483
99 -7054 -32768 14920 559641276 782870631 473980970 46672651
99 -7444 -32768 21902 564817498 754404160 514181795 19842755
99 968 -32768 10886 574057193 721042183 550860777 -5476247
99 1606 -32768 -18 582226471 684938323 586442790 -29627349
99 -2656 -32768 -396 588067553 647517832 620481132 -53117603
99 -7042 -31634 -2806 591279819 608908476 653260989 -76090988
99 -7344 -32768 1912 591954243 569625041 684212276 -99459406
99 -5058 -32768 2296 591622747 528191740 713233851 -123347383
99 -12302 -32768 -4214 26116958 -758868585 603209934 -460967908
99 -14338 -32768 852 -23342183 -812697318 533288049 -455520897
99 -17368 -32768 6340 -73243026 -857833590 458619245 -448712327
99 -18906 -32768 11472 -122430195 -893727209 381883953 -439710124
99 -19736 -32768 16888 -170292446 -920367131 305751530 -428204673
99 -20138 -32768 20290 -216919038 -938122721 232441623 -414441552
99 -19374 -32768 20100 -262264198 -948134909 164062663 -397819952
99 -17268 -32768 16608 -306218717 -951935230 102015512 -377574225
99 -14624 -32768 9322 -348594287 -950944138 46458267 -353481629
99 -10220 -32768 -1164 -388879819 -946380835 -3374767 -325645490
99 -7846 -32768 -9210 -426800239 -938904299 -49238993 -294612426
99 -9966 -29474 -25110 -459686932 -929425021 -93142591 -262873348
99 -3398 -30304 -29672 -484338343 -920330177 -135317222 -230258523
99 -3600 -24274 -26796 -505941136 -909262388 -177175673 -196965208
99 1134 -30242 -27382 -520633567 -896790825 -222687457 -167446194
99 -226 -30546 -15826 -531398734 -881879334 -270966071 -139293327
99 -2422 -32768 -4726 -538636590 -863831854 -321817875 -114102487
99 -3706 -32768 8522 -544060674 -842280003 -373074390 -91097961
99 -548 -32768 8072 -547314970 -817507131 -424714778 -68313000
99 -12556 -32768 -7528 -59977362 741782115 -639560947 435937362
99 -14818 -32768 1420 -14893559 797928070 -571234057 435543552
99 -17792 -32768 8728 30673151 845698031 -498045114 434422350
99 -18742 -32768 14814 76245590 884644757 -422601526 431180132
99 -19306 -32768 19794 121450577 914695196 -347041764 425515008
99 -19882 -32768 23918 166140539 936246762 -273427403 417128084
99 -19758 -32768 25630 210408300 950180978 -204113562 405144031
99 -17798 -32768 21644 254440354 957742203 -140943530 388644965
99 -15452 -32768 13272 297843868 960393156 -84615619 367007555
99 -11344 -32768 310 339772312 959405451 -34978346 340283758
99 -6570 -32768 -10332 379364782 955760768 9658896 308919253
99 -8812 -27518 -28016 415550392 949422855 51849292 275946723
99 -4876 -26294 -32768 442064557 943573801 91652150 242421785
99 464 -19746 -26514 465171659 935806443 128986310 210155484
99 11186 -19990 -32768 482546775 926384362 169742145 181849859
99 6154 -16850 -26558 491572887 917829430 212834283 153518785
99 -252 -16882 -15336 494792830 908104595 258322967 129292465
99 -2786 -19456 -5096 493811495 897169583 303946500 108511278
99 -3032 -21066 6876 491050404 884975464 347964058 86776629
99 -3288 9992 -326 342049971 1003132389 5218188 172108984
99 -4206 9360 712 337457386 1004441447 3496267 173577574
99 -4174 8954 98 332108358 1005781135 -126713 176152873
99 -5182 8084 2202 325874356 1007352836 -6173909 178688428
99 -4914 6840 3444 319265021 1008828106 -14740900 181768832
99 -5260 5958 4102 312377259 1010162945 -25697377 185074091
99 -6148 4442 6492 305150964 1011225003 -38943811 188975561
99 20970 -3074 -20536 299918829 1009983215 -52725296 200310107
99 6954 2086 -13216 290649960 1011400673 -69661474 201643381
99 -14446 1934 20540 280272350 1012960362 -89130885 200837978
99 7390 -2982 -1730 273252227 1011109780 -110895810 208839280
99 5798 -4282 -5620 264676301 1009604194 -134039262 213543411
99 -484 -6646 1038 255165740 1007580532 -159425883 217202169
99 -2644 -9384 2854 246382597 1003629721 -186774156 223740662
99 -3162 -12356 -704 237744705 998039605 -215835639 231799133
99 -16732 -9762 -3122 229007529 991646564 -245050125 238881867
99 -10984 -17808 2698 219079361 982681622 -277511806 249498879
99 -10424 -21482 3670 208748024 972322110 -310887830 259391890
99 -9494 -24530 2434 198014047 960222146 -345080266 269452934
99 4456 -17948 -1126 134775379 516277385 -928669892 76072311
99 4266 -18402 706 134668407 506998703 -933834864 75436651
99 3676 -18084 66 136145147 499309525 -937724616 75819182
99 2030 -17400 -2696 138531789 492831780 -940708910 76902737
99 1754 -17346 -2834 139971108 487009622 -943427335 78077441
99 1842 -17502 830 140185447 481807654 -945971816 79172317
99 2382 -17484 710 140668801 477201141 -948128499 80406563
99 1370 -18152 2024 141006934 473311532 -949938255 81437427
99 1846 -18296 1346 141632297 470060806 -951404761 82058618
99 2204 -19088 1092 142146741 467520673 -952562646 82247403
99 2370 -19272 1868 142563162 465654857 -953446281 81871810
99 2072 -19134 2074 143357418 464490662 -953960353 81106258
99 2408 -19074 2108 144469269 464063272 -954095850 79978276
99 2228 -18690 1556 146013122 464405659 -953808894 78598034
99 1864 -18060 782 147740957 465413944 -953182080 76992850
99 2764 -18476 684 149264632 467039625 -952303049 75063083
99 2200 -17798 2416 150882932 469576501 -950942694 73223968
99 2456 -18190 1902 153081877 472896138 -949085553 71367370
99 2292 -18088 1560 155768527 477058296 -946704746 69449114

