2
199 161 -7809 549 -505332523 -350650290 564651901 675109732
199 262 -7948 391 -503015042 -348131771 564216296 678499532
199 253 -7923 280 -498359554 -342577262 563785415 681940499
199 255 -7989 62 -498359554 -342577262 563370374 685429719
199 314 -8101 -196 -495997664 -339515701 563004335 688957930
199 385 -8186 -514 -493589019 -336291046 562708030 692502267
199 468 -8298 -781 -488566935 -329602959 562499284 696029669
199 482 -8355 -956 -488566935 -329602959 562384852 699506270
199 369 -8362 -1026 -485962939 -326208096 562381960 702905638
199 473 -8474 -1071 -483358786 -322810964 562464853 706195552
199 589 -8611 -1162 -478085389 -316228226 562613645 709375897
199 608 -8679 -1219 -478085389 -316228116 562827562 712447037
199 524 -8563 -1231 -475416686 -313059731 563100785 715410084
199 519 -8496 -1366 -470056228 -306889316 563869849 720998188
199 519 -8401 -1357 -467366073 -303911012 563869849 720998188
199 567 -8350 -1303 -467366073 -303911102 564374321 723609098
199 636 -8306 -1353 -464666698 -301043600 564941872 726099027
199 280 -7993 1309 -245100732 -143410054 676873574 783659911
199 242 -8043 1396 -244444250 -143511101 677207941 783460550
199 267 -8049 1492 -244444250 -143511101 677563728 783249942
199 255 -8025 1605 -244104144 -143507269 677928995 783040620
199 247 -8023 1735 -243407468 -143386536 678668994 782638491
199 247 -8012 1714 -243044272 -143271348 678668994 782638491
199 250 -8056 1771 -243044272 -143271348 679047611 782444023
199 284 -8122 1821 -242671667 -143119600 679424150 782260552
199 359 -8176 1819 -242298421 -142964717 679790256 782086489
199 328 -8212 1826 -241571498 -142734635 680144031 781918319
199 338 -8239 1809 -241571498 -142734635 680490764 781744115
199 372 -8236 1851 -241220437 -142667648 680832837 781566884
199 359 -8289 1850 -240880342 -142631495 681156850 781396038
199 384 -8325 1852 -240228004 -142669090 681469150 781225668
199 349 -8316 1871 -240228004 -142669261 681767470 781057367
199 367 -8335 1845 -239923858 -142750133 682049031 780890239
199 357 -8321 1821 -239353468 -142990678 682585962 780552045
199 357 -8300 1866 -239087269 -143143254 682585962 780552045
199 325 -8344 1875 -239087269 -143143174 682835907 780387044
199 331 -8398 1776 -238833966 -143323290 683072604 780224387
199 327 -8451 1789 -238346205 -143716088 683512189 779916255
199 327 -8477 1698 -238112373 -143924984 683512189 779916255
199 315 -8499 1640 -238112373 -143924763 683717207 779769483
199 285 -8508 1519 -237882515 -144124327 683918547 779626201
199 268 -8499 1439 -237357777 -144391142 684385899 779326588
199 268 -8503 1385 -237059741 -144437734 684385899 779326588
199 272 -8493 1354 -237059741 -144437618 684668807 779160178
199 286 -8489 1299 -236736564 -144436064 684994292 778972623
199 255 -8425 1362 -235986539 -144232537 685754763 778568712
199 255 -8404 1414 -235579031 -144037209 685754763 778568712
199 301 -8422 1437 -235579031 -144037370 686167570 778364521
199 306 -8418 1478 -235140346 -143782792 686598868 778163881
199 291 -8352 1556 -234191447 -143102101 687474592 777802253
199 291 -8358 1615 -233691988 -142708885 687474592 777802253
199 547 -8282 1988 -228911824 -159290612 706653991 758806641
199 560 -8265 1975 -229304413 -159049695 706688265 758741956
199 532 -8297 2001 -229304413 -159049586 706698608 758697105
199 541 -8259 1926 -229472383 -158975207 706680988 758678322
199 568 -8232 1850 -229612727 -158932327 706645438 758677956
199 568 -8233 1822 -229813395 -158953081 706599685 758687727
199 535 -8208 1782 -229813395 -158953052 706541818 758709361
199 549 -8221 1743 -229875474 -159011520 706482553 758733491
199 545 -8202 1734 -229907945 -159229622 706351180 758800223
199 545 -8217 1679 -229880764 -159391414 706351180 758800223
199 554 -8211 1627 -229880764 -159391246 706290761 758830766
199 542 -8199 1648 -229823732 -159596366 706231203 758860358
199 560 -8204 1674 -229630475 -160131941 706101052 758927147
199 560 -8217 1674 -229488467 -160456037 706101052 758927147
199 534 -8218 1749 -229488467 -160456026 706030141 758967622
199 555 -8218 1736 -229327102 -160813309 705948306 759016898
199 475 -8221 1757 -228957829 -161626405 705753590 759136741
199 475 -8196 1751 -228749640 -162077989 705753590 759136741
199 482 -8188 1771 -228749640 -162078072 705640904 759207955
199 506 -8237 1779 -228524823 -162552070 705514206 759292065
199 445 -8267 1767 -228035096 -163588961 705225506 759484785
199 445 -8245 1709 -227771521 -164113249 705225506 759484785
199 465 -8285 1682 -227771521 -164134388 705075834 759585156
199 406 -8276 1683 -227482284 -164681310 704931434 759687471
199 414 -8254 1700 -226840971 -165745948 704664886 759894965
199 412 -8233 1754 -226489487 -166204700 704664886 759894965
199 405 -8232 1773 -226489487 -166263211 704529037 760012762
199 391 -8220 1815 -226117846 -166771909 704387554 760143098
199 399 -8239 1893 -225325153 -167744982 704071632 760456993
199 390 -8256 1925 -224907825 -168203734 704071632 760456993
199 391 -8224 1891 -224907825 -168208615 703885452 760650450
199 372 -8239 1810 -224480040 -168660778 703681490 760865375
199 339 -8233 1805 -223583659 -169524910 703246631 761339171
199 381 -8242 1712 -223110817 -169918126 703246631 761339171
199 654 -8579 -678 -621310279 -556577461 476299404 479849403
199 654 -8664 285 -619675255 -558363317 476299404 479849403
199 480 -8610 1278 -619675255 -558363206 479597028 476593438
199 451 -8688 2125 -618136564 -559917174 482830925 473493137
199 419 -8839 2788 -615479617 -562300524 488862030 467908521
199 419 -8916 3313 -614417605 -563189868 488862030 467908521
199 344 -8995 3574 -614417605 -563189889 491575995 465384466
199 253 -9110 3669 -613530198 -563886432 494116496 463015316
199 397 -9258 3627 -612205404 -564737535 498786557 458704191
199 397 -9558 3540 -611739579 -565043199 498786557 458704191
199 625 -9827 3330 -611739579 -565043003 500856908 456689123
199 744 -10004 3144 -611368937 -565385775 502702365 454729354
199 870 -10106 3081 -610899528 -566293682 505644357 450952905
199 975 -10131 3022 -610773366 -566883506 505644357 450952905
199 1066 -10153 3081 -610773366 -566882317 506731691 449160144
199 1093 -10201 3080 -610727775 -567554249 507543355 447453916
199 1456 -10278 3114 -610917767 -569099298 508261983 444406046
199 1311 -10523 3054 -611160886 -570016802 508261983 444406046
199 1602 -10740 2861 -611160886 -569972106 508114870 443119573
199 1652 -10570 2909 -611430702 -570935031 507621673 442071747
199 1471 -10351 3012 -612239129 -573272875 505462242 440398556
199 1417 -10248 2837 -612730689 -574583595 505462242 440398556
199 1264 -10120 2748 -612730689 -574594497 503903339 439778577
199 1086 -9881 2850 -613237472 -575916176 502140410 439359621
199 832 -9863 2812 -614390282 -578630921 497980047 438917096
199 978 -9866 2684 -615012580 -579941641 497980047 438917096
199 775 -9779 2658 -615012580 -579984213 495629387 438920101
199 624 -9609 2542 -615706985 -581285326 493133129 439037016
199 268 -9442 2373 -617217021 -583668992 487921192 439577154
199 399 -9286 2159 -617998589 -584717568 487921192 439577154
199 381 -9160 2040 -617998589 -584739490 485284184 439975271
199 396 -9074 1828 -618798434 -585744364 482632433 440431015
199 377 -8999 1649 -620380906 -587609632 477342903 441483536
199 398 -8943 1464 -621159692 -587609632 477342903 441483536
199 602 -8625 1092 -598099251 -543582282 505630810 494018805
199 607 -8526 1041 -599853406 -544368714 505630810 494018805
199 628 -8484 861 -599853406 -544380351 504055223 492621317
199 714 -8371 679 -601507915 -545187061 502511792 491286781
199 453 -8168 732 -604362434 -546617112 499788810 488966698
199 456 -8178 751 -605618611 -547272472 499788810 488966698
199 457 -8231 724 -605618611 -547260040 498611536 487894036
199 541 -8252 878 -606751416 -547884325 497539343 486879445
199 451 -8183 1108 -608788504 -549000680 495575870 485078215
199 500 -8245 1198 -609731489 -549393896 495575870 485078215
199 412 -8222 1320 -609731489 -549450994 494660638 484317536
199 387 -8273 1314 -610660765 -549818016 493770962 483637594
199 344 -8269 1216 -612468579 -550323806 492098111 482479952
199 384 -8291 1217 -613348914 -550323806 492098111 482479952
199 324 -8284 1119 -613348914 -550502945 491310013 481960157
199 433 -8329 1038 -614214640 -550679548 490548040 481431757
199 408 -8334 1004 -615855300 -551045436 489088506 480400994
199 481 -8330 950 -616636767 -551045436 489088506 480400994
199 483 -8325 941 -616636767 -551268620 488377103 479865936
199 529 -8270 954 -617389866 -551518281 487671168 479328359
199 522 -8249 968 -618832321 -552103158 486227978 478259889
199 593 -8236 907 -619509409 -552103158 486227978 478259889
199 586 -8170 883 -619509409 -552445359 485484032 477743632
199 561 -8137 815 -620158437 -552831812 484725225 477224752
199 608 -8073 658 -621311857 -553730798 483237968 476189407
199 463 -8017 651 -621799895 -553730798 483237968 476189407
199 568 -8033 545 -621799895 -554227811 482562364 475659012
199 507 -8026 548 -622194958 -554766592 481945655 475139300
199 536 -8054 587 -622735768 -555933218 480902898 474122693
199 488 -8075 674 -622897323 -555933218 480902898 474122693
199 551 -8114 765 -622897323 -556533739 480469112 473645502
199 499 -8150 881 -622992460 -557118891 480087549 473219176
199 543 -8223 988 -623085957 -558286455 479362694 472454369
199 518 -8308 1038 -623109460 -558286455 479362694 472454272
199 293 -8318 1522 -657215657 -627060094 403560994 406094308
199 289 -8331 1628 -657215657 -627083542 403368708 406262234
199 294 -8378 1702 -656990798 -627334398 403162846 406442949
199 0 -8382 1729 -656648976 -627715103 402734805 406831728
199 246 -8404 1808 -656529973 -627715103 402734805 406831728
199 209 -8431 1820 -656529973 -627829649 402528717 407050936
199 238 -8416 1814 -656438565 -627878249 402348343 407301648
199 230 -8385 1816 -656346870 -627800001 402032517 407881717
199 295 -8362 1804 -656345300 -627800001 402032517 407881486
199 340 -8359 1815 -656345300 -627695968 401862088 408211940
199 346 -8305 1701 -656376665 -627566153 401661642 408558231
199 367 -8237 1617 -656511988 -627284078 401163653 409262662
199 346 -8185 1454 -656595820 -627284078 401163653 409262662
199 369 -8115 1313 -656595820 -627148207 400879382 409614798
199 352 -8079 1172 -656674696 -627030157 400582953 409958937
199 374 -8035 1059 -656767382 -626898635 400015022 410565702
199 333 -7951 928 -656768538 -626898635 400015022 410565702
199 316 -7914 869 -656768538 -626885518 399767889 410824508
199 325 -7860 862 -656736678 -626905118 399559993 411047720
199 368 -7851 867 -656579855 -627064085 399199066 411406292
199 332 -7891 868 -656459132 -627064085 399199066 411406292
199 306 -7928 934 -656459132 -627218799 399036085 411521196
199 287 -7964 1041 -656331898 -627416054 398875562 411579067
199 294 -8039 1105 -656090626 -627847032 398577007 411595547
199 253 -8111 1220 -655998099 -627847032 398577007 411595763
199 249 -8195 1339 -655998099 -628056379 398437740 411558686
199 272 -8231 1398 -655932015 -628241059 398302201 411513336
199 261 -8246 1519 -655881909 -628498596 398059608 411434527
199 250 -8217 1501 -655900716 -628498596 398059608 411434674
199 234 -8202 1545 -655900716 -628566131 397950547 411407021
199 310 -8221 1451 -655941385 -628606948 397845418 411381493
199 263 -8185 1437 -656051640 -628602921 397685405 411366430
199 202 -8149 1409 -656119096 -628602921 397685405 411366549
199 230 -8149 1350 -656119096 -628530001 397675412 411380045
199 488 -8726 1412 -556968185 -580073733 506623535 499554808
199 506 -8781 1416 -557907211 -580073733 506623535 499554808
199 521 -8792 1466 -557907211 -580277745 506558020 498334987
199 558 -8821 1537 -558883124 -580513106 506411674 497114582
199 557 -8850 1580 -560936242 -581086895 505854509 494693110
199 538 -8877 1587 -562005612 -581086895 505854509 494693110
199 540 -8885 1604 -562005612 -581403877 505457950 493510882
199 425 -8874 1656 -563102534 -581718636 504998307 492358794
199 413 -8864 1546 -565380252 -582257503 503981952 490148006
199 397 -8858 1497 -566520478 -582257503 503981952 490148006
199 425 -8879 1494 -566520478 -582473786 503463055 489106630
199 478 -8937 1477 -567670454 -582673104 502919248 488094300
199 558 -8939 1464 -570005766 -583114784 501683277 486113126
199 563 -8901 1464 -571167436 -583114784 501683277 486113126
199 493 -8891 1523 -571167436 -583349591 500994957 485176846
199 534 -8883 1487 -572349713 -583591026 500255246 484255629
199 526 -8886 1474 -574706713 -584083362 498659810 482513051
199 530 -8857 1485 -575885257 -584083362 498659810 482512923
199 449 -8877 1479 -575885257 -584335383 497814966 481674264
199 372 -8812 1440 -577062967 -584570371 496958420 480863441
199 365 -8789 1471 -579431105 -584916377 495246104 479359068
199 416 -8772 1527 -580629004 -584916377 495246104 479359185
199 513 -8802 1513 -580629004 -585059121 494355290 478654507
199 532 -8752 1486 -581837145 -585217889 493408283 477970010
199 542 -8717 1496 -584272625 -585602551 491344814 476651891
199 530 -8661 1445 -585503521 -585602551 491344814 476651794
199 467 -8599 1438 -585503521 -585814038 490236028 476022776
199 444 -8600 1355 -586750716 -586032048 489087157 475400140
199 352 -8475 1383 -589235448 -586416459 486788004 474211125
199 382 -8522 1315 -590471100 -586416459 486788004 474211207
199 327 -8490 1210 -590471100 -586576945 485655666 473636409
199 339 -8447 1109 -591684103 -586708122 484560151 473081882
199 270 -8444 1109 -594069266 -586879051 482481510 472004036
199 352 -8467 1085 -595240466 -586879051 482481510 472004009
199 327 -8338 2133 -727502188 -635883494 344191748 317563057
199 308 -8350 2222 -727000651 -635883494 344191748 317563057
199 333 -8378 2301 -727000651 -636327419 343812082 318232978
199 324 -8365 2355 -726525969 -636731883 343405754 318945950
199 344 -8373 2363 -725672136 -637424857 342495709 320480484
199 357 -8353 2388 -725293705 -637424857 342495709 320480417
199 324 -8319 2286 -725293705 -637723631 341976530 321296079
199 321 -8368 2267 -724930999 -638008899 341422887 322136010
199 316 -8338 2080 -724223259 -638534302 340277516 323893918
199 334 -8301 2003 -723852660 -638534302 340277516 323894015
199 267 -8239 1985 -723852660 -638775135 339730143 324820860
199 287 -8288 1908 -723470623 -639003926 339209866 325764353
199 323 -8266 1936 -722651258 -639500379 338182343 327671528
199 297 -8266 1977 -722230889 -639500379 338182343 327671532
199 356 -8265 2038 -722230889 -639752706 337661402 328641604
199 354 -8192 2066 -721810010 -640001577 337119791 329636229
199 369 -8212 2108 -721003490 -640451499 335964198 331700767
199 370 -8261 2074 -720610135 -640451499 335964198 331700781
199 371 -8250 2070 -720610135 -640667884 335338927 332768696
199 270 -8206 2062 -720220997 -640887526 334681934 333847877
199 258 -8229 2028 -719465443 -641296406 333360332 336006942
199 254 -8252 1993 -719090659 -641296406 333360332 336007132
199 249 -8296 2004 -719090581 -641493900 332700385 337084966
199 280 -8312 2027 -718717481 -641696239 332026947 338157851
199 254 -8287 2087 -717982990 -642088654 330662678 340276196
199 252 -8278 2100 -717631246 -642088654 330662678 340303226
199 196 -8306 2127 -717631396 -642247112 329990364 341396679
199 258 -8286 2152 -717298345 -642380752 329318276 342492385
199 282 -8304 2157 -716687988 -642597398 327906752 344715466
199 283 -8242 2184 -716420212 -642597398 327906752 344710865
199 326 -8205 2146 -716420306 -642692223 327151054 345806803
199 240 -8146 2075 -716176026 -642786639 326353454 346889271
199 251 -8076 1973 -715732022 -642977418 324690189 349003853
199 275 -8024 1910 -715511862 -642977418 324690189 349006450
199 346 -8121 1530 -694677380 -655974771 338273713 354419019
199 332 -8109 1518 -694632061 -655974771 338273713 354419017
199 267 -8105 1548 -694632061 -655950523 338593960 354246872
199 298 -8170 1551 -694586522 -655926717 338929341 354059476
199 336 -8194 1591 -694484246 -655911644 339585923 353667483
199 341 -8254 1575 -694435606 -655911644 339585923 353658670
199 374 -8282 1630 -694435716 -655918902 339890868 353447501
199 365 -8314 1704 -694397758 -655920368 340177580 353243464
199 344 -8313 1684 -694379667 -655885643 340684083 352851195
199 365 -8304 1668 -694391699 -655885643 340684083 352855158
199 418 -8256 1656 -694391618 -655861461 340898017 352669923
199 387 -8295 1622 -694406793 -655841141 341092264 352489970
199 406 -8224 1495 -694430322 -655814212 341464105 352178595
199 360 -8214 1411 -694415474 -655814212 341464105 352133523
199 342 -8220 1400 -694415378 -655817098 341668967 351958863
199 337 -8169 1325 -694385277 -655830210 341887441 351781618
199 358 -8167 1317 -694252802 -655919479 342379511 351394790
199 364 -8238 1357 -694153474 -655919479 342379511 351397868
199 387 -8257 1416 -694153679 -655986398 342649577 351205479
199 390 -8293 1520 -694046925 -656067019 342916821 351004977
199 415 -8323 1589 -693831688 -656284026 343376565 350600450
199 405 -8328 1639 -693700616 -656284026 343376565 350575109
199 364 -8346 1765 -693737344 -656409232 343560235 350347386
199 368 -8300 1807 -693670094 -656520714 343713194 350121549
199 331 -8317 1818 -693596522 -656729450 343920421 349898829
199 339 -8330 1817 -693596522 -656729450 343920421 349672053
199 346 -8312 1738 -693585706 -656827834 343986154 349443983
199 324 -8305 1784 -693583656 -656916864 344048589 349219158
199 267 -8281 1800 -693618171 -657048388 344168481 349002855
199 282 -8282 1726 -693683707 -657048388 344168481 348784763
199 286 -8312 1718 -693645223 -657097464 344245804 348562134
199 300 -8297 1648 -693675661 -657131709 344335458 348348380
199 292 -8298 1657 -693709224 -657159092 344437989 348128452
199 304 -8293 1621 -693746509 -657184499 344542094 347903099
199 163 -8071 770 -555842928 -594179442 489701310 501116910
199 247 -8186 783 -555043696 -594179442 489701310 501102348
199 306 -8301 711 -555043638 -593726610 490348886 501891173
199 424 -8325 675 -554220945 -593242200 491051460 502685592
199 408 -8401 698 -552488028 -592201898 492573964 504360427
199 442 -8486 676 -551600988 -592201898 492573964 504327559
199 439 -8518 634 -551601031 -591683264 493362223 505136062
199 433 -8575 704 -550693764 -591181573 494163994 505929026
199 467 -8596 703 -548854032 -590217591 495771467 507494519
199 460 -8588 820 -548854032 -590217591 495771467 507478675
199 475 -8566 889 -547925174 -589749279 496568824 508246692
199 513 -8602 993 -546993830 -589299130 497349065 509008545
199 553 -8684 1132 -545183050 -588556885 498735058 510396538
199 561 -8781 1239 -544331082 -588556885 498735058 510451842
199 560 -8763 1459 -544319894 -588274115 499306650 511139700
199 560 -8768 1662 -543523552 -588036752 499766198 511810689
199 591 -8791 1788 -542190484 -587698068 500270487 512466336
199 561 -8766 1843 -541666196 -587698068 500270487 513119290
199 532 -8730 1846 -541663329 -587589494 500308037 513763368
199 537 -8750 1806 -541234438 -587517930 500208397 514393848
199 528 -8738 1679 -540601334 -587495017 499655564 515018273
199 492 -8725 1560 -540404726 -587495017 499655564 515621591
199 438 -8758 1440 -540372050 -587559261 499243712 516187353
199 472 -8812 1276 -540172518 -587674948 498777334 516715089
199 455 -8891 1209 -539981061 -587843687 498283632 517199364
199 418 -8922 1218 -539792046 -588064865 497774493 517635316
199 322 -8971 1180 -539615168 -588313268 497256256 518035413
199 248 -8962 1213 -539444616 -588568325 496760638 518398695
199 255 -8963 1259 -539282518 -588796336 496294336 518754932
199 186 -8945 1312 -539124010 -588983229 495867808 519115285
199 179 -8949 1324 -538971771 -589108229 495503522 519479248
199 136 -8966 1383 -538811690 -589163749 495214310 519857993
199 111 -8982 1439 -538646484 -589139211 495005796 520255441
199 92 -8934 1493 -538479965 -589020637 494881789 520679880
199 -3447 -27543 -641 441762954 -605598987 -385183409 677443187
199 -3008 -27315 -138 441762952 -593514975 -406043962 663803027
199 -2850 -26961 458 460327264 -580765200 -426558900 649444968
199 -2837 -26632 866 496610743 -553487986 -466769470 618110335
199 -3023 -26142 1128 514174391 -553487986 -466769470 618122712
199 -3144 -25705 1196 514174739 -538953217 -486546046 601121687
199 -3070 -25524 1000 531262715 -523769839 -506085211 583286703
199 -3028 -25456 881 563645376 -491178980 -544517874 547922936
199 -2838 -25507 803 578849728 -491178980 -544517874 545406128
199 -2332 -26143 486 578856910 -473693037 -563408194 525386722
199 -2197 -26835 570 593398564 -455366157 -582089854 504590494
199 -1909 -27732 458 621088884 -416050701 -618244452 466121090
199 -1934 -28728 640 634196084 -416050701 -618244452 460265578
199 -1990 -29859 1010 634228364 -394951398 -635627670 436652408
199 -1836 -31136 1421 646878368 -372882501 -652455037 411982289
199 -1464 -32768 1549 659041606 -349860638 -668629462 386155623
199 -1275 -32768 1633 670706233 -325820554 -684090492 359073769
199 -1127 -32768 1565 681898529 -300735378 -698651699 330723299
199 -1290 -32768 1838 692432676 -274543437 -712335340 301098827
199 -1260 -32768 1951 702196398 -247222260 -725074280 270162294
199 -1168 -32768 2062 710974258 -218805964 -736863602 237887199
199 -890 -32768 1783 718717063 -189273792 -747541459 204258185
199 -400 -32768 1604 725360088 -158591184 -756964497 169187416
199 6 -32768 1196 730795945 -126633723 -765006355 132604876
199 -1003 -32768 766 734717601 -93409718 -771665503 94414291
199 -3131 -32768 -221 737004508 -59078088 -776688289 54826366
199 -1841 -32768 -1585 737557195 -24008583 -779835362 14349146
199 -1696 -32768 -2893 736193368 11950120 -781068710 -26904502
199 -2415 -32768 -3668 732789673 48934394 -780263896 -68761188
199 -3312 -32768 -4058 727251661 86790925 -777288813 -110946324
199 -4433 -32768 -4200 719384412 125098133 -772184019 -153240338
199 -5322 -32768 -4498 709057751 163330887 -765028110 -195463802
199 -5836 -32768 -4698 696277406 201117358 -755855208 -237373838
199 -6089 -32768 -4970 681208291 238243545 -744585527 -278749828
199 -5202 -32768 -13353 502731339 474889141 -747948461 -339455965
199 -5182 -32768 -14301 463108887 535332963 -699465255 -372224279
199 -5064 -32768 -15282 446331671 535332963 -699465255 -403253291
199 -5007 -32768 -16139 441704783 564058962 -672833317 -432372481
199 -5000 -32768 -16547 419200501 591823187 -644847834 -459460506
199 -4827 -32768 -16439 395655050 618665576 -615650202 -484356704
199 -5124 -32768 -15120 371048735 644582997 -585360780 -507055309
199 -5602 -32768 -12987 345559732 669413164 -554074196 -527629748
199 -6181 -32768 -10460 319402677 692939631 -521854337 -546261551
199 -6602 -32768 -7943 292817070 714902400 -488774777 -563195483
199 -7173 -32768 -5157 265986330 735130053 -454869920 -578658636
199 -7922 -32768 -2415 239150822 753524453 -420193065 -592758926
199 -8829 -32768 -24 212544322 769982280 -384847093 -605609360
199 -9929 -32768 2272 186356882 784369700 -349036000 -617354992
199 -10774 -32768 4056 160796905 796555425 -312992776 -628170072
199 -11271 -32768 5587 136028154 806428689 -276918557 -638281931
199 -11556 -32768 6844 112196570 813912903 -240964739 -647929465
199 -11445 -32768 7672 89469111 819025312 -205226201 -657262630
199 -11053 -32768 7905 68007163 821827618 -169693209 -666406761
199 -10328 -32768 7438 47986421 822420566 -134293919 -675430534
199 -9164 -32768 5931 29568748 820964193 -98880857 -684314066
199 -8095 -32768 3986 12765464 817739505 -63336331 -692854555
199 -6685 -32768 919 -2530393 813141320 -27651715 -700678268
199 -5076 -32768 -2478 -16604735 807554351 8171062 -707413185
199 -3577 -32768 -5877 -29872112 801341695 44113787 -712694250
199 -2787 -32768 -8858 -42726389 794906113 80169833 -716094639
199 -2432 -32768 -11768 -55493307 788414826 116217601 -717451081
199 -2355 -32768 -14019 -68324870 781759593 152102559 -716915971
199 -2127 -32768 -15566 -81231543 774765723 187682344 -714727164
199 -1347 -32768 -17097 -94343844 767329551 222833895 -711034276
199 -1130 -32768 -19329 -123200202 751544949 290956220 -705870415
199 1455 -32768 -22058 -123200202 751544949 290956263 -698760656
199 -1226 -32768 -16223 -140004244 742883165 323504935 -690498403
199 -2318 -32768 -19600 -157703851 733310520 355172333 -681291308
199 -3856 -32768 5950 -112313551 684308720 604903095 -555477536
199 -2610 -32768 9883 -112313551 684308720 604954305 -553224766
199 -1988 -32768 10849 -128200567 660549778 631175824 -549341140
199 -2796 -32768 10205 -144116940 636008837 657815813 -543066529
199 -4294 -32768 8995 -178179773 585069669 710965734 -534155996
199 -4898 -32768 6041 -178179773 585069669 710948336 -522893231
199 -5765 -32768 3806 -195569034 558246132 736863856 -509965607
199 -6084 -32768 2308 -212371268 530156742 762107476 -495927023
199 -5248 -32768 863 -243933984 470175725 809673429 -481084112
199 -4101 -32768 -34 -243933984 470175725 809669221 -465602585
199 -3269 -32768 -130 -258719178 438131008 831864278 -449473400
199 -2622 -32768 189 -273114641 404620452 852953006 -432528142
199 -2520 -32768 436 -300820371 333010438 891724831 -414578999
199 -2537 -32768 188 -300820371 333010438 891726954 -395414236
199 -2450 -32768 -621 -313932810 294907436 909295524 -374933798
199 -2478 -32768 -1555 -326343343 255268868 925503169 -353127839
199 -2454 -32768 -2540 -348878581 171442288 940181187 -330011144
199 -2250 -32768 -3565 -348878581 171442288 953095685 -305641396
199 -2384 -32768 -4480 -358949299 127328006 964061456 -280080022
199 -2612 -32768 -5382 -368191016 81819571 972860232 -253376720
199 -2849 -32768 -6396 -383793192 -12791737 979298408 -225602588
199 -3334 -32768 -7163 -383793192 -12791737 983213502 -196838194
199 -3850 -32768 -7819 -389983367 -61490412 984422157 -167210618
199 -4385 -32768 -8449 -394990947 -110760393 982804354 -136835586
199 -4951 -32768 -8829 -401145924 -209721935 961520818 -105808177
199 -5474 -32768 -9084 -401145924 -209721935 970818242 -74324637
199 -5922 -32768 -9249 -402368082 -258789005 960327116 -42584391
199 -6475 -32768 -9424 -402362346 -307193854 946854656 -10775761
199 -6927 -32768 -9663 -398630397 -400854159 913703586 20941743
199 -7266 -32768 -10001 -398630397 -400854159 911358206 52435861
199 -7444 -32768 -10594 -394828616 -445600059 889654587 83542898
199 -7350 -32768 -11105 -389699557 -488754865 865539440 114054390
199 -7096 -32768 -11560 -375683428 -570086052 805587392 143775459
199 -6782 -32768 -11739 -375683428 -570086052 810565863 172514699
199 -7718 -32768 -8278 -259107260 -356127941 970493479 -130741805
199 -7385 -32768 -9851 -264331817 -402961105 953833366 -104248737
199 -6400 -32768 -11489 -268331395 -448277233 934872157 -77297274
199 -5386 -32768 -12641 -273514184 -534752499 913550919 -50318493
199 -4854 -32768 -12917 -273514184 -534752499 889705616 -23853260
199 -4888 -32768 -12976 -275291195 -576147861 863238622 1692157
199 -5253 -32768 -12829 -276606758 -616234680 834250023 26189353
199 -5997 -32768 -12299 -277186007 -691699138 802976638 49704033
199 -6158 -32768 -11926 -277186007 -691699138 769691255 72189713
199 -6268 -32768 -10874 -276229105 -726761064 734614776 93663905
199 -6585 -32768 -9265 -274414231 -759958330 697897917 114082492
199 -6861 -32768 -7477 -268752222 -820385751 659697898 133388871
199 -7336 -32768 -5438 -268752222 -820385751 620196596 151697764
199 -7953 -32768 -3408 -265134471 -847389600 579619454 169093655
199 -8662 -32768 -1308 -261162161 -872097484 538225635 185662424
199 -9233 -32768 590 -252685305 -914321381 496284494 201460751
199 -9750 -32768 2448 -252685305 -914321364 454071412 216571969
199 -10208 -32768 4196 -248364822 -931781188 411849123 231078022
199 -10830 -32768 5884 -240075977 -959421845 328337048 258817894
199 -10830 -32768 7571 -236348189 -969664661 328337048 258817894
199 -10985 -32768 8876 -236348189 -969664589 287463517 272348713
199 -11012 -32768 9828 -233117384 -977564971 247405096 285889814
199 -10507 -32768 10337 -228788976 -986492046 170282123 313708086
199 -10507 -32768 10105 -228023344 -987612046 170282123 313708086
199 -9723 -32768 9059 -228023344 -987612080 133363834 328270792
199 -8728 -32768 7524 -228329860 -986585849 97507145 343403855
199 -6044 -32768 5263 -232209562 -978647543 28510403 374746607
199 -6044 -32768 2069 -235469256 -972146167 28510403 374746607
199 -4100 -32768 -1697 -235469256 -972146000 -5001210 390360818
199 -2064 -32768 -5776 -239180964 -964353629 -38294218 405300282
199 -1304 -32768 -8895 -246265343 -946364639 -105549247 430728429
199 -1304 -32768 -11013 -249090679 -936581855 -105549247 430728429
199 -1265 -32768 -13138 -249090679 -936581848 -139514350 440708898
199 -514 -32768 -14123 -251277712 -926326243 -173497001 448997043
199 -8745 -32768 1260 -201833567 -283948584 979309199 -322549124
199 -9099 -32768 560 -201833567 -283905267 969100269 -304008088
199 -9233 -32768 -721 -215867272 -332073665 956885993 -283571722
199 -7985 -32768 -2665 -239318088 -424251931 927078060 -237021208
199 -8177 -32768 -5139 -248930545 -467964443 927078060 -237021208
199 -6701 -32768 -7886 -248930545 -467929705 909561225 -211399034
199 -5519 -32768 -9771 -257399367 -510058246 890158740 -184714578
199 -3675 -32768 -11699 -273021159 -589988780 844469903 -130993603
199 -3686 -32768 -13429 -280515877 -628065196 844469903 -130993603
199 -3882 -32768 -14869 -280515877 -628048147 817745811 -105234324
199 -4659 -32768 -15692 -287470942 -664839348 788518576 -80645774
199 -5426 -32768 -15912 -298355558 -734092910 723700266 -35581482
199 -5435 -32768 -15267 -301787017 -766336622 723700266 -35581482
199 -5656 -32768 -13419 -301787017 -766368307 688690657 -15038549
199 -6026 -32768 -10455 -303925205 -796946004 652230867 4289446
199 -6883 -32768 -7157 -305586462 -852397070 575636602 39950064
199 -6659 -32768 -4029 -305724166 -885951502 575636602 39950064
199 -7207 -32768 -969 -305724166 -876943004 535893122 56919279
199 -7552 -32768 1127 -305876693 -899194720 495394796 73416890
199 -8064 -32768 2557 -306437144 -936861305 412751110 104603286
199 -8484 -32768 3521 -306675515 -953638521 412751110 104603286
199 -8782 -32768 4136 -306675515 -952401688 371009002 118961597
199 -9264 -32768 5267 -306653183 -965834513 329333722 132610141
199 -9573 -32768 6599 -305911068 -986458791 247252796 158438203
199 -9749 -32768 8283 -305455597 -1003236007 247252796 158438203
199 -9766 -32768 10012 -305455597 -993670329 207264509 171105091
199 -9809 -32768 11540 -305207118 -998835522 168146755 183908851
199 -9720 -32768 12636 -306201108 -1003158055 92801984 210247628
199 -9283 -32768 12979 -307734597 -1003158055 92801984 210291483
199 -9126 -32768 12821 -307734597 -1002383950 56632225 224139831
199 -8419 -32768 11724 -310177012 -999707163 21505780 238397673
199 -7447 -32768 9700 -317916984 -988873815 -45865291 268093261
199 -6447 -32768 7077 -322998965 -988873815 -45865291 268093261
199 -4856 -32768 3673 -322998965 -980979681 -78424159 283055591
199 -5068 -32768 1384 19548336 111505135 972221917 -440012660
199 -5927 -32768 2014 19548336 63245166 978673751 -436728637
199 -6862 -32768 2437 -1833045 14014105 982883129 -432038147
199 -7775 -32768 2391 -44045052 -86343022 984432375 -417628188
199 -8408 -32768 1945 -64125301 -86343022 984432375 -417628182
199 -8929 -32768 1119 -64125301 -136924951 981806401 -407567264
199 -9114 -32768 -140 -83117635 -187373632 977005248 -395422157
199 -9068 -32768 -1856 -116921175 -286776380 961306386 -364546672
199 -8739 -32768 -3846 -131700714 -286776380 961306386 -364546622
199 -7941 -32768 -6013 -131700714 -335210073 950532299 -345966810
199 -6778 -32768 -8285 -145295809 -382522581 937816699 -325547369
199 -5768 -32768 -10260 -170105668 -473537932 906161983 -280378448
199 -4799 -32768 -12358 -181997380 -473537932 906161983 -280378426
199 -4259 -32768 -14357 -181997540 -517135074 886862556 -256590626
199 -3948 -32768 -16192 -193833604 -559421207 864971497 -232844421
199 -3944 -32768 -17660 -216445678 -640009072 813279661 -187122724
199 -4326 -32768 -18368 -226486510 -640009072 813279661 -187167757
199 -4930 -32768 -18292 -226486509 -678210358 783710707 -165674839
199 -5364 -32768 -17183 -235351949 -714837004 751956790 -145240302
199 -5535 -32768 -15126 -249433223 -782885918 682804343 -107574992
199 -5927 -32768 -12324 -255004807 -782885918 682804343 -107552726
199 -6166 -32768 -9485 -255004743 -814041279 645851921 -90008492
199 -6644 -32768 -6347 -259899528 -843110946 607612225 -73079429
199 -7205 -32768 -3291 -268869932 -894500434 528039640 -40835261
199 -7702 -32768 -914 -273276204 -894500434 528039640 -40860076
199 -8481 -32768 1155 -273276387 -916660297 487153649 -25552884
199 -9024 -32768 2758 -277659031 -936430438 445872478 -10918497
199 -9368 -32768 4147 -285888991 -968961006 363346556 16724814
199 -9811 -32768 5624 -289665503 -968961006 363346556 16730454
199 -9892 -32768 7151 -289665353 -981827324 322676925 30125816
199 -9996 -32768 9015 -293262062 -992528622 282682009 43523829
199 -9946 -32768 11090 -300704257 -1007631076 205271895 70987716
199 -9729 -32768 12943 -305095169 -1007631076 205271895 70990235
199 -9500 -32768 14269 -305105341 -1012078660 168018239 85423395
199 -7327 -32768 -3351 10713480 -218697196 958932178 -429538088
199 -7690 -32768 -3972 10698566 -268188501 950393636 -421459222
199 -7843 -32768 -4981 -10511427 -317170895 939485878 -411793433
199 -7841 -32768 -6177 -31260139 -365424279 926271412 -400530385
199 -7605 -32768 -7458 -51413511 -412749797 910796320 -387762537
199 -6884 -32768 -8759 -70952390 -458952672 893087602 -373682065
199 -6165 -32768 -9615 -89921833 -503919866 873124664 -358535592
199 -5725 -32768 -10069 -108506897 -547554249 850813884 -342698114
199 -5509 -32768 -10461 -126898696 -589739665 826056957 -326572268
199 -5655 -32768 -10622 -145061804 -630396638 798831844 -310387740
199 -6185 -32768 -10397 -162795983 -669428588 769210876 -294267248
199 -6647 -32768 -9809 -179911401 -706682739 737375049 -278253981
199 -7000 -32768 -8676 -196150635 -742045453 703559339 -262323707
199 -7221 -32768 -7117 -211427578 -775392557 668029194 -246410116
199 -7432 -32768 -5187 -225794583 -806613599 631014151 -230496951
199 -7603 -32768 -3224 -239413932 -835591931 592728884 -214607033
199 -7939 -32768 -1439 -252456865 -862229361 553393347 -198742817
199 -8281 -32768 122 -265074198 -886433122 513241690 -182953681
199 -8625 -32768 1314 -277305215 -908167811 472506160 -167297133
199 -8868 -32768 2296 -289127708 -927434848 431451051 -151780792
199 -9628 -32768 3696 -300408145 -944304271 390354562 -136329216
199 -9892 -32768 5124 -311170826 -958784873 349504620 -121116026
199 -9905 -32768 6681 -321443843 -970960416 309180958 -105997542
199 -10095 -32768 8432 -331353869 -980912542 269636881 -90719741
199 -10108 -32768 9866 -341137670 -988676940 231122792 -75129609
199 -9892 -32768 10732 -350964522 -994323541 193846939 -59054379
199 -9618 -32768 10999 -361038388 -997912254 157971807 -42272810
199 -9101 -32768 10864 -371437122 -999535553 123572454 -24755416
199 -8429 -32768 10111 -382265992 -999266051 90654169 -6470581
199 -7543 -32768 8699 -393641649 -997148362 59193757 12552536
199 -6520 -32768 6217 -405620816 -993228887 29104131 32267875
199 -4922 -32768 2926 -418097080 -987603941 193359 52473089
199 -3508 -32768 -464 -430816570 -980414267 -27893688 72986849
199 -2530 -32768 -3612 -443439507 -971845760 -55603328 93304336
199 -4059 -32768 -1193 239827322 177871544 917787965 -470561564
199 -4786 -32768 -1005 220279989 135694585 927394039 -475312675
199 -5542 -32768 -535 200258283 92487401 935253879 -479125051
199 -6042 -32768 -234 179969979 48385309 941274960 -481859811
199 -6538 -32768 -188 159650126 3500614 945428818 -483302749
199 -6871 -32768 -465 139485439 -42039289 947700830 -483277492
199 -7141 -32768 -1223 119711795 -88106203 948107496 -481576524
199 -7227 -32768 -2339 100531658 -134555208 946695835 -477988062
199 -7168 -32768 -4019 64396696 -227774714 938579333 -472385914
199 -6826 -32768 -6126 64396696 -227774714 938579353 -464712564
199 -5735 -32768 -8705 47295752 -274062301 931923011 -455071065
199 -4567 -32768 -11071 30599830 -319889310 923457462 -443709336
199 -3890 -32768 -12601 -3180302 -409574104 900361705 -431061247
199 -3344 -32768 -14251 -3180302 -409574104 900377582 -417703531
199 -3250 -32768 -15756 -20855265 -453123433 885413292 -403985835
199 -3465 -32768 -16669 -38882499 -495742793 867993252 -390169116
199 -3869 -32768 -16767 -74992313 -577662454 825497305 -376543852
199 -3599 -32768 -16442 -74992313 -577662454 825494153 -363536324
199 -4097 -32768 -14509 -92502798 -616802917 800387512 -351132823
199 -4994 -32768 -11607 -109512289 -654597035 772817580 -339381536
199 -5259 -32768 -8762 -142405075 -725276290 711299013 -328233720
199 -5661 -32768 -5355 -142405075 -725276290 711278891 -317324150
199 -6145 -32768 -1773 -158504128 -757915371 677817688 -306465581
199 -6677 -32768 1528 -174758239 -788516742 642837752 -295597422
199 -7528 -32768 4194 -208311426 -842928249 569179194 -284755561
199 -8442 -32768 6069 -208311426 -842928249 569150596 -273977060
199 -9317 -32768 7335 -225480705 -866506643 531004635 -263204219
199 -10074 -32768 8276 -242571363 -887627834 492476249 -252311416
199 -10528 -32768 8915 -275445946 -922742288 415890321 -241140794
199 -10821 -32768 9820 -275445946 -922742288 415858008 -229470934
199 -10729 -32768 10854 -290941969 -936944919 378469555 -217178993
199 -10459 -32768 12116 -305869476 -949059618 342026138 -204125120
199 -10245 -32768 13311 -334869893 -967313901 273159056 -190184851
199 -9889 -32768 13859 -334869893 -967313901 272707401 -175260875
199 -2422 -31687 256 440993451 589416198 704044102 -339640709
199 -1683 -32768 -850 433083177 564340291 723855330 -350589535
199 -1252 -32768 -1388 424717619 538291111 742954552 -361658223
199 -1467 -32768 -1223 406269608 482800603 778173790 -372928814
199 -1528 -32768 -1431 406269608 482800603 779156765 -384296321
199 -1545 -32768 -1506 396306695 453232252 796180282 -395649757
199 -1544 -32768 -1385 385955741 422333160 812416025 -406906872
199 -1349 -32768 -1467 363514582 356532400 844661178 -417924007
199 -1357 -32768 -1568 363514582 356532400 842586993 -428612663
199 -1495 -32768 -1699 350992338 321687749 856518821 -438881043
199 -1866 -32768 -1765 337392512 285594998 869614752 -448655185
199 -2284 -32768 -1848 306820251 209822735 881782282 -457840762
199 -2777 -32768 -2036 306820251 209822735 892899516 -466353193
199 -3337 -32768 -2231 289830965 170324964 902838098 -474119892
199 -3854 -32768 -2259 271808064 129856603 911445145 -481086339
199 -4450 -32768 -2155 233181335 46324832 918570783 -487203992
199 -4933 -32768 -2063 233181335 46324832 924093831 -492391468
199 -5281 -32768 -1958 212884742 3468323 927879401 -496614538
199 -5500 -32768 -2088 192119044 -39973981 929891297 -499712415
199 -5713 -32768 -2375 149613930 -128188951 930079785 -501589722
199 -5979 -32768 -2761 149613930 -128188951 928404693 -502161012
199 -6332 -32768 -3270 128153534 -172759789 924844208 -501309773
199 -6551 -32768 -4103 106804023 -217480510 919407055 -498902060
199 -6650 -32768 -5129 64983232 -306657917 912135980 -494807124
199 -6391 -32768 -6398 64983232 -306657917 903062850 -489012223
199 -5972 -32768 -7830 44523412 -350677477 892195663 -481608991
199 -5047 -32768 -9444 24153992 -394023514 879500487 -472819507
199 -4463 -32768 -10477 -16995712 -478144046 864870655 -462948486
199 -4224 -32768 -11170 -16995712 -478144046 848141150 -452397263
199 -4403 -32768 -11674 -38071293 -518660533 829196335 -441466304
199 -4680 -32768 -11931 -59373404 -557998273 808000363 -430308418
199 -5092 -32768 -11660 -101585054 -632683099 784577425 -419031196
199 -5397 -32768 -10933 -101585054 -632683099 759009946 -407693152
199 -5635 -32768 -9752 -122071704 -667820074 731419929 -396304215
199 -649 -23531 -7820 523871998 929973112 91149777 27201233
199 -469 -23955 -8878 523871998 929973094 116114711 12094277
199 -231 -26034 -8805 535501378 919831683 141646387 -2230005
199 2485 -23619 -15458 554662303 897838834 195754565 -28913047
199 2485 -20974 -20164 560326705 887203570 195754565 -28913047
199 -799 -23159 -16607 560326705 887203540 223817996 -41594380
199 1129 -24102 -14970 563880056 876660795 252261893 -52818972
199 445 -24242 -13461 566263179 854658190 310148764 -75059014
199 445 -25325 -11745 565338144 843074958 310148764 -75059014
199 -2006 -23950 -7949 565338144 843074961 339175199 -86592602
199 -4052 -24722 -6537 562976493 831281877 367879158 -98048725
199 -3412 -29611 -7476 553353382 808061086 422962183 -121906089
199 -3412 -29408 -3898 547230343 796067998 422962183 -121906089
199 -4194 -28768 -331 547230343 796078875 448683318 -135652009
199 -3526 -30076 3805 540872499 783580265 473036777 -150386038
199 -1786 -31742 11286 532415270 753739839 518217335 -181057706
199 -1702 -32768 16407 530900912 735193151 518217335 -181057706
199 -523 -32768 12731 530900912 735203827 540727511 -195330723
199 -2677 -32768 11058 529831427 714688569 563716655 -208909328
199 -3237 -32768 8448 525902913 670196763 610752106 -232733416
199 -3267 -32768 5383 522832661 646538267 610752106 -232733416
199 -3215 -32768 2575 522832661 646540494 634125148 -243797462
199 -3447 -32768 1042 519519469 621798133 656821432 -254897387
199 -1583 -32768 -587 511583355 569449568 700148220 -276988315
199 -1730 -32768 -2361 506296203 541858912 700148220 -276988315
199 -1056 -32768 -3365 506296203 541898964 721041694 -288147299
199 -928 -32768 -3933 499820255 513399681 741488115 -299526428
199 -1167 -32768 -4178 483234511 453325069 780692130 -323141722
199 -1171 -32768 -4041 473359595 421540109 780692130 -323141722
199 -1275 -32768 -4034 473359595 421585529 799141459 -335393966
199 -1027 -32768 -4092 462467235 388644749 816676915 -347904911
199 -913 -32768 -3748 437576111 318738064 848680710 -373622176
199 -839 -32768 -3252 423395545 285183632 848680710 -373622176
199 -1080 -32768 -2737 423395545 281609116 863056373 -386633203
199 -10714 -32768 9242 280778185 945354997 -314659064 285262596
199 -10724 -32768 11109 299968222 956233973 -314659064 285262596
199 -10940 -32768 12577 299968222 956228505 -273529867 271561024
199 -10830 -32768 13457 318956143 964723414 -233384045 256954846
199 -10922 -32768 14201 356827153 974965437 -157265736 224283392
199 -10830 -32768 13750 375927240 974965437 -157265736 224283392
199 -10547 -32768 12564 375927240 976910755 -121961539 205836075
199 -9573 -32768 10266 395277067 976864495 -88815672 185803108
199 -8233 -32768 7380 434975909 971100048 -28860793 140879808
199 -6588 -32768 3581 455238678 971100048 -28860793 140879808
199 -4236 -32768 -1282 455238678 965442560 -1419906 116601139
199 -1705 -32768 -6040 475340400 958077326 25238690 91770261
199 -698 -32768 -9723 513409533 938613859 79919655 44124939
199 -604 -32768 -12501 530896764 938613859 79919655 44124939
199 -611 -32768 -14626 530896764 926693426 108611852 22603838
199 -1405 -32768 -17003 546921641 913593199 138330352 2920010
199 -664 -32768 -14277 573564545 884361973 202128270 -31485541
199 1642 -32768 -29820 580670415 867584757 202128270 -31485541
199 547 -32768 -32626 580670415 870569110 235984303 -46502861
199 4405 -32768 -30565 583108116 857959064 270546422 -60131156
199 3001 -32768 -25896 578737508 833464292 339441412 -89997895
199 1482 -32768 -18464 574098345 816687076 339441412 -89997895
199 -2992 -32768 -11761 574098345 820558948 372487354 -106147229
199 -3024 -32768 -10553 567503206 807679022 404597983 -121717933
199 821 -32768 -10902 548060461 782059924 465131671 -156794678
199 -5729 -32768 -1983 537834006 782059924 465131671 -156794659
199 -6937 -32768 5162 537834006 768307246 492015268 -176860763
199 -3792 -32768 15102 528867386 753205341 516700053 -197287612
199 -1846 -32768 19805 521738291 712279906 562842315 -237855475
199 -1253 -32768 14283 520889701 712279906 562842315 -237855409
199 -5612 -32768 14372 520889701 687263412 585880340 -256918566
199 -3589 -32768 11149 518429682 661426199 609921652 -273242805
199 483 -32768 6097 504805125 607968357 661844460 -287275039
199 -2133 -32768 4379 496115912 607968357 661844460 -300712206
199 -1516 -32768 -416 -442384766 -353073986 -827220756 385044907
199 -1808 -32768 -1285 -415259883 -276957140 -858160117 409064639
199 -2382 -32768 -1899 -399465707 -276957140 -858160117 409064657
199 -3030 -32768 -2300 -399491418 -236770171 -871949567 420676642
199 -3628 -32768 -2606 -382395768 -195214146 -884306865 431954107
199 -4255 -32768 -2554 -344625370 -108328461 -903923754 453141906
199 -5047 -32768 -2050 -324232127 -108328461 -903923754 453141894
199 -5788 -32768 -1354 -324232127 -63135312 -910870090 462731298
199 -6560 -32768 -919 -303060520 -16908751 -915771202 471326157
199 -7233 -32768 -995 -259131021 78069345 -919256952 484395906
199 -8013 -32768 -1412 -236809518 78069345 -919256952 484395813
199 -8632 -32768 -2425 -236809518 126459000 -917782098 488386723
199 -8967 -32768 -3893 -214608063 175161809 -914169437 490379516
199 -8939 -32768 -5827 -171426044 272522064 -900717056 487821474
199 -8140 -32768 -8273 -150390585 272522064 -900717056 487821411
199 -6550 -32768 -10672 -150390585 320619489 -890954182 483427980
199 -5118 -32768 -12195 -129353883 368044615 -879072815 477449346
199 -4322 -32768 -13016 -85218612 460119753 -848186686 463166430
199 -3940 -32768 -13865 -61749812 460119753 -848186686 463166208
199 -4327 -32768 -14567 -61749820 504538942 -828861741 455556208
199 -5154 -32768 -14812 -37678299 547789873 -806862514 447655171
199 -5600 -32768 -14565 10806298 630082997 -754970158 431041974
199 -5968 -32768 -13468 34626842 630082997 -754970158 431061766
199 -6249 -32768 -11625 34627023 668813520 -725260147 422377460
199 -6456 -32768 -9329 58077935 705706847 -693249904 413430725
199 -6777 -32768 -6880 104204700 773297066 -623094208 394776981
199 -7142 -32768 -4364 127101852 773297066 -623094208 394743394
199 -7510 -32768 -1878 127101831 803667584 -585338946 385042393
199 -8363 -32768 663 149929592 831582985 -546109584 375061424
199 -9210 -32768 2865 195297145 879529144 -464481034 354193376
199 -9938 -32768 4804 217547385 879529144 -464481034 354204970
199 -10590 -32768 6553 217547289 899480133 -422847539 343111087
199 -11205 -32768 8337 239322484 916797425 -381231980 331340261
199 -11376 -32768 9976 281462197 943799079 -299716334 305171460
199 -2589 -32768 -664 -539773585 -575269394 -661410699 309518470
199 -2118 -32768 -1348 -534268561 -575269394 -661410699 305231276
199 -1704 -32768 -1295 -534257984 -550541955 -680668303 317935896
199 -1585 -32768 -806 -528182759 -524933524 -699256568 330799916
199 -1514 -32768 -281 -514429648 -470653028 -734656736 360459888
199 -1228 -32768 -65 -506696400 -470653028 -734656736 356437623
199 -942 -32768 -143 -506677100 -441777445 -751593266 368970068
199 -854 -32768 -522 -498090515 -411701707 -768116050 381215827
199 -877 -32768 -1137 -488397097 -380476500 -784258431 393147197
199 -1243 -32768 -1637 -477452701 -348120609 -799946510 404791906
199 -1622 -32768 -2173 -465249466 -314640906 -815030075 416160783
199 -2021 -32768 -2700 -451833327 -280064326 -829324622 427259771
199 -2305 -32768 -3209 -437235771 -244416221 -842666185 438085311
199 -2653 -32768 -3447 -421498568 -207729110 -854889373 448632372
199 -3084 -32768 -3462 -404698307 -170018262 -865834628 458870957
199 -3505 -32768 -3257 -386933583 -131288976 -875376131 468701539
199 -3936 -32768 -2983 -368296320 -91564966 -883419530 477977316
199 -4438 -32768 -2884 -348881371 -50889494 -889888742 486527066
199 -4983 -32768 -2929 -328750187 -9353958 -894728547 494181110
199 -5487 -32768 -3310 -308005755 32934800 -897874814 500786102
199 -6001 -32768 -3939 -286807055 75855704 -899269027 506182616
199 -6339 -32768 -4844 -265352144 119272619 -898856215 510232953
199 -6658 -32768 -5843 -243834670 163022552 -896595891 512837114
199 -6651 -32768 -6989 -222382369 206907452 -892475557 513946025
199 -6289 -32768 -8310 -179829447 294310612 -878729878 513533296
199 -5424 -32768 -9835 -163052231 294310612 -878729878 511658239
199 -4432 -32768 -11016 -158408372 337425056 -869108375 508546410
199 -3764 -32768 -11732 -136487980 379887961 -857542764 504573318
199 -3630 -32768 -12116 -113792747 421553523 -843873048 500139678
199 -3839 -32768 -12285 -90289640 462317547 -827963621 495483589
199 -4646 -32768 -11812 -66265320 502132541 -809756329 490595444
199 -5091 -32768 -11114 -41984196 540873053 -789277754 485439613
199 -5226 -32768 -10256 -17718920 578431673 -766660936 479844926
199 -5394 -32768 -8855 6378830 614722790 -742026992 473696579
199 -8103 -31698 9324 -404054660 -951921063 174728096 -230166413
199 -7353 -29158 7504 -421390606 -952877470 149455077 -212221903
199 -6250 -26865 4918 -438505019 -952547125 125809003 -193545831
199 -4935 -24849 2180 -455320214 -951058562 103542018 -174272225
199 -3532 -22960 -763 -471782418 -948493017 82207776 -154741485
199 -2601 -21154 -3316 -487805884 -944934465 61341723 -135285677
199 -2142 -19313 -5284 -503407777 -940398013 40706060 -116172232
199 -2347 -17789 -5718 -518570773 -934907269 20119539 -97717864
199 -1070 -17579 -6774 -533191969 -928497208 -950218 -80741746
199 -267 -13217 -14766 -546986066 -921374189 -23050281 -65310268
199 -2415 -11463 -11614 -558099063 -914740310 -46157094 -50656533
199 -5393 -12294 -15885 -574895777 -901482563 -94719940 -38437625
199 -2722 -13324 -17123 -574895777 -901482563 -94719768 -27808187
199 -1958 -9387 -15869 -580220681 -895427199 -119070550 -17245828
199 -2107 -10042 -19760 -583435274 -889794769 -143999496 -7336534
199 -1302 -11254 -17594 -584115370 -880059351 -192262481 3762374
199 -1808 -12724 -9162 -584115370 -880059351 -192262601 16155786
199 -2358 -12610 -7185 -583166959 -874714957 -216677146 27607812
199 -2082 -12320 -6508 -580632232 -869446359 -241648478 38162485
199 -3602 -11951 -3393 -571154497 -859404700 -290786426 48906057
199 -3317 -14949 683 -571154497 -859404700 -290835906 59512268
199 -2245 -17745 -2145 -565194123 -854067683 -314853887 70086830
199 -2376 -17295 -3689 -557871709 -848915541 -338113724 81986583
199 -6304 -16337 1659 -542652885 -838234190 -379174261 95864995
199 -3391 -17399 5650 -542652885 -838234190 -379140385 109841129
199 -590 -18408 8257 -536442729 -831602247 -397475833 124904363
199 1043 -19946 12077 -532049546 -823167545 -415120617 141118978
199 1 -19737 13677 -528541240 -800291883 -450511216 157655308
199 -1392 -18207 15485 -528541240 -800291883 -450530945 173551419
199 -4083 -17657 13247 -528222238 -786574726 -468906332 187961371
199 -18 -18309 6934 -527081456 -772495262 -488478800 199363607
199 -543 -18145 6198 -523845956 -741982092 -528310217 210253349
199 -2620 -17542 6328 -523845956 -741982092 -528294634 221074424
199 -2647 -17706 5003 -522294976 -725511570 -547863274 231533753
199 -1968 -27258 -18224 575654252 869708275 251506292 -43529231
199 -1973 -27485 -12352 570464240 850619661 316598824 -57545357
199 -4464 -26385 -8301 570464240 850619661 314255447 -71976952
199 -4090 -27236 -6449 565073846 840971314 344939921 -85998374
199 63 -32768 -8436 557694350 831510890 374756576 -100223110
199 -4380 -32768 -4024 540567050 811748986 419685613 -116694671
199 -7782 -30995 2385 540567050 811748986 428538887 -134632499
199 -6004 -32758 12166 532681906 801011813 451815654 -153014553
199 -1834 -32768 17126 527771469 787944986 473387946 -171536231
199 -154 -32768 16480 527247560 752271755 511104784 -190236143
199 -2682 -32768 12184 527247560 752271755 515230309 -208699750
199 -5222 -32768 11896 528023245 731540290 536678463 -225692458
199 -3593 -32768 10838 526737661 710612069 559363704 -240022500
199 -379 -32768 6068 518726003 666668974 616947813 -252466075
199 -4388 -32768 6317 518726003 666668974 607605410 -264975326
199 -6124 -32768 5724 514382685 642850168 631154352 -276981462
199 -4102 -32768 2699 509853095 618296664 653897883 -288265634
199 -3795 -32768 1997 500554210 566240984 692356424 -299717244
199 -3396 -32768 2231 500554210 566240984 696294347 -311305700
199 -2185 -32768 2313 495172695 538906049 716295379 -322839889
199 -2425 -32768 3309 489401061 510344775 735626467 -334378264
199 -2548 -32768 3656 476576568 449239074 754379903 -345624700
199 -1931 -32768 2497 476576568 449239074 772671361 -356311802
199 -1622 -32768 1057 469114353 416692069 790526046 -366453246
199 -1537 -32768 -481 460545005 382883303 807923546 -376135656
199 -1608 -32768 -1984 439424929 311728374 824759837 -385469274
199 -1940 -32768 -3323 439424929 311728374 840814556 -394564941
199 -2274 -32768 -4410 427020998 274380796 855860574 -403472665
199 -2431 -32768 -5132 413484486 235904534 869710423 -412192296
199 -2670 -32768 -5603 383091722 155751981 882199981 -420728047
199 -2889 -32768 -5704 383091722 155751981 893207761 -429046177
199 -3381 -32768 -5254 366261754 114142071 902612738 -437072775
199 -3987 -32768 -4625 348378577 71573693 910314713 -444696427
199 -4597 -32768 -4033 309752084 -16097634 916229965 -451750807
199 -320 -21692 -2485 -495037006 -541646115 -699521932 301166329
199 -26 -24100 -3100 -495037006 -541646115 -718484676 313461706
199 -42 -26852 -3467 -486907371 -516227527 -736987232 325884533
199 13 -30368 -4308 -477838007 -489981942 -754966670 338429242
199 135 -32768 -4835 -456963840 -434892512 -772304745 351109888
199 75 -32768 -4858 -456963840 -434892512 -788924444 364103141
199 135 -32768 -4812 -444936970 -405728968 -804836138 377589812
199 -176 -32768 -4086 -431842761 -375310910 -819947683 391483533
199 -340 -32768 -3066 -402726973 -310196515 -834189497 405627856
199 -555 -32768 -2212 -402726973 -310196601 -847509514 419805040
199 -1009 -32768 -1486 -386842099 -275220005 -859873865 433755024
199 -2539 -32768 -670 -351761225 -200468978 -881591699 460207625
199 -2539 -32768 -241 -332268359 -160933874 -881591699 460207625
199 -3428 -32768 -114 -332268359 -160933697 -890764484 472392999
199 -4650 -32768 340 -311511558 -120105857 -898599542 483706624
199 -7142 -32768 669 -266951271 -35212315 -909578813 503071623
199 -7142 -32768 584 -243787890 8514789 -909578813 503071623
199 -8053 -32768 115 -243787890 8514741 -912481822 510675320
199 -8743 -32768 -671 -220568754 52869306 -913576090 516575544
199 -9612 -32768 -1594 -175191290 142574658 -910215706 522881610
199 -9612 -32768 -2675 -153570255 187502146 -910215706 522881610
199 -9677 -32768 -3900 -153570255 187502257 -905840500 523096067
199 -9524 -32768 -5438 -133007885 232239959 -899816689 521172707
199 -7719 -32768 -7568 -95723149 320503634 -883360795 510593829
199 -7719 -32768 -9375 -78818949 363778386 -883360795 510593829
199 -6317 -32768 -10930 -78818949 363778519 -873109609 502046144
199 -3973 -32768 -12991 -62386477 406199745 -861417362 491922619
199 -2242 -32768 -14375 -28786015 488201871 -832533558 469719327
199 -1848 -32768 -15057 -10771969 527654543 -832533558 469719327
199 -2707 -32768 -15439 -10771969 527653473 -814716993 458933569
199 -4157 -32768 -15273 7645843 566111910 -794640793 448244148
199 -5219 -32768 -14734 43332762 639783755 -748932839 425225382
199 -5220 -32768 -14333 60108155 674648907 -748932839 425225382
199 -4403 -32768 -13700 60108155 674667278 -723781492 412637277
199 -1937 -24346 -6224 -507893108 -942540153 20490687 -78507069
199 -1526 -22358 -7843 -523587060 -935607161 -1073250 -58440632
199 -3687 -20360 -7660 -553354712 -918803338 -45333196 -21554384
199 -3792 -20003 -9874 -566351651 -909628298 -45333196 -21554384
199 -5437 -18437 -7352 -566351651 -909612098 -68857753 -5569836
199 -8419 -16678 -11844 -578230570 -899848624 -93663392 8356282
199 -2546 -17316 -15657 -593254064 -882537018 -145529121 30336159
199 -2332 -17798 -20739 -596954477 -874738234 -145529121 30336159
199 -151 -13669 -20086 -596954477 -874710329 -172185250 42430831
199 884 -16864 -24876 -598232083 -867290614 -199501120 55186678
199 113 -19051 -14407 -594553646 -853116831 -254776080 81900090
199 157 -20789 -9504 -590416096 -845514655 -254776080 81900090
199 831 -19986 -10204 -590416096 -845533810 -284053167 93359412
199 -2062 -21714 -6023 -583817315 -838249804 -313673796 104995547
199 -2076 -29739 -3791 -565612708 -823903052 -370798104 129211144
199 1101 -31722 -9204 -554774634 -807125836 -370798104 129211144
199 -7959 -29656 3085 -554774634 -816531722 -396533213 145544441
199 -7819 -29750 11653 -544849927 -808493613 -419632985 162190271
199 -2215 -31661 15999 -534097363 -785503559 -460209088 197111017
199 -636 -32768 18845 -534414915 -768726343 -460209088 197111017
199 -2923 -32048 19780 -534414915 -768950953 -479126884 215577019
199 -5100 -29491 13638 -536314107 -750186055 -498241656 232946645
199 -6380 -28253 13320 -534813756 -712195477 -540049705 260804602
199 -1527 -29398 10406 -530949789 -695418261 -540049705 260804602
199 -127 -30068 6825 -530949789 -692752275 -563135766 272002767
199 -6216 -28557 8713 -527050529 -671668843 -586254364 283381743
199 -5650 -28621 5347 -518388310 -627196857 -631470046 303420388
199 -4042 -29526 1917 -513820768 -593642425 -631470046 303420388
199 -4429 -29895 1359 -513820768 -603811700 -652751476 313425987
199 -3742 -31628 615 -508909381 -579834327 -673040885 323635693
199 -2807 -32768 487 -498529090 -529735274 -710724665 344442186
199 -2625 -32768 1396 -493133743 -496180842 -710724665 344442186
199 -2069 -32768 1900 -493133743 -503161921 -728418635 354928330
199 -1464 -32768 1713 -487388413 -475441658 -745611655 365228134
199 -496 -11902 3334 -135014358 435024321 -968186008 90840093
199 -699 -11870 3226 -135014358 435930477 -968177996 85373389
199 -810 -12156 2993 -135698120 436874057 -968121645 79931628
199 -1196 -12006 3281 -136808886 438751528 -967942574 69203280
199 -902 -11903 3079 -137322592 438751528 -967942574 69203362
199 -953 -11672 3281 -137322592 439685135 -967808836 63930043
199 -1062 -11456 3661 -137797300 440607254 -967650977 58738778
199 -911 -11343 3894 -138468958 442457640 -967277330 48514398
199 -711 -11251 4114 -138703017 442457640 -967277330 48514510
199 -669 -11139 4366 -138703017 443457720 -967030590 43359742
199 -714 -10946 4465 -138857242 444527670 -966738529 38104314
199 -698 -10658 4492 -138998177 446857932 -966013469 27147388
199 -527 -10458 4386 -139043233 446857932 -966013469 27147371
199 -447 -10205 4257 -139043222 448130542 -965560909 21439120
199 -367 -10042 4079 -139061407 449486956 -965038698 15659432
199 -363 -10020 3769 -138907903 452490513 -963775485 3905068
199 -584 -10164 3552 -138724863 452490513 -963775485 3905101
199 -937 -9959 3617 -138724787 454116724 -963042566 -1988663
199 -983 -9779 3531 -138439122 455786126 -962264928 -7831361
199 -1184 -9737 3586 -137809581 459155880 -960584058 -19617601
199 -1203 -9756 3474 -137396141 459155880 -960584058 -19600247
199 -1292 -9755 3395 -137396152 460836023 -959701159 -25448915
199 -1453 -9609 3443 -136925004 462504451 -958794351 -31242190
199 -1592 -9527 3425 -135786193 465714400 -956963595 -42587515
199 -1813 -9609 3374 -135174609 465714400 -956963595 -42595672
199 -2070 -9353 3595 -135174493 467178516 -956068476 -48235530
199 -1868 -9209 3590 -134573176 468495317 -955206980 -53882555
199 -1705 -9087 3565 -133426962 470741290 -953549785 -65281967
199 -1632 -8851 3409 -132912146 470741290 -953549785 -65300818
199 -1630 -8692 3001 -132912299 471697019 -952733153 -71114604
199 -1749 -8534 2815 -132545905 472482769 -951934682 -77029110
199 -1630 -8218 2516 -132431750 473405284 -950437936 -89111910
199 -1467 -7946 2248 -132890502 473405284 -950437936 -89098287
199 -1564 -7829 2266 -132859650 473471489 -949740635 -95327295
199 10656 2064 442 5219719 1055683825 15865129 -195382238
199 10256 2086 751 4321097 1055103599 15564476 -198510300
199 10036 2007 834 3820873 1055103599 15564476 -198537088
199 9366 2136 1125 3820962 1054843550 15784672 -199907065
199 8983 2329 1243 3302597 1054611693 16193866 -201103290
199 8573 2593 1304 2320161 1054207273 17294269 -203109936
199 8368 2729 1254 1861409 1054207273 17294269 -203135556
199 8055 2863 1302 1853711 1054024928 17929891 -204029504
199 7743 2835 1331 1396702 1053858806 18593982 -204830259
199 7400 2891 1316 640133 1053567539 19873967 -206200466
199 7162 2916 1257 377989 1053567539 19873967 -206207568
199 6903 2941 1163 371985 1053431228 20422747 -206850010
199 6799 2845 1021 156996 1053305096 20875520 -207446539
199 6758 2784 944 -117816 1053063614 21470288 -208018022
199 6618 2755 843 -183352 1053063614 21470288 -208608584
199 6657 2675 764 -195632 1052946201 21606325 -209186355
199 6715 2709 675 -222527 1052823334 21640727 -209800290
199 6662 2831 637 -240812 1052688526 21561808 -210483735
199 6953 2643 345 -266678 1052545870 21367974 -211215611
199 6858 2702 584 -266693 1052374506 21070535 -212097538
199 7116 2695 426 -271602 1052192395 20667480 -213038616
199 7300 2755 384 -275707 1051988143 20162035 -214093130
199 7353 2799 372 -291955 1051762543 19578406 -215252549
199 7504 2777 536 -319535 1051515726 18907418 -216514645
199 7748 2828 459 -342315 1051261653 18158062 -217808651
199 7777 2811 550 -351836 1050981835 17355870 -219219839
199 7825 2797 542 -355763 1050695906 16511070 -220651028
199 8005 2807 760 -337087 1050409252 15650856 -222073960
199 8104 2854 732 -299535 1050111934 14795952 -223533941
199 8267 2784 801 -259523 1049808246 13947928 -225010091
199 8475 2834 673 -199972 1049508048 13127897 -226455249
199 8518 2938 727 -145874 1049203103 12362963 -227906754
199 8726 2937 747 -132970 1048908138 11663146 -229297137
199 8759 2928 880 -140212 1048613168 11030096 -230673458
199 7883 2620 958 -84845988 956990190 25294016 -478803355
199 7843 2612 934 -85024223 956740606 25333560 -479268203
199 7863 2587 953 -85366709 956247293 25405639 -480183865
199 7875 2591 949 -85541045 956247293 25405639 -480187149
199 7875 2608 944 -85540962 956000234 25443274 -480645860
199 7899 2601 975 -85712950 955754958 25480289 -481100832
199 7875 2573 968 -86050728 955259416 25555732 -482020434
199 7855
