99 -192 -16504 3228 362529437 353769301 -565659513 -759190694
99 -98 -16258 1994 364513658 353043926 -562743580 -760743681
99 62 -16554 2232 367337957 350668263 -563054376 -760253819
99 246 -16510 2300 368243419 350438773 -563454337 -759625017
99 -160 -16554 2964 367903499 352743976 -562470350 -759451982
99 276 -16896 3056 367616840 351928305 -561129087 -760959907
99 -194 -16354 2506 367540660 354647678 -556571487 -763078354
99 -8 -16070 2524 368078470 353432760 -554862590 -764625749
99 22 -16348 2190 368636139 352526392 -554968106 -764698926
99 76 -16512 3462 368207053 350922946 -556949503 -764202467
99 226 -16794 2798 367216831 348949077 -556561280 -765863819
99 98 -16736 2686 364162798 350757564 -554404454 -768057155
99 -12 -16626 3044 359666270 354262594 -550510782 -771360858
99 -24 -16328 2536 355580369 356756024 -546243790 -775130290
99 -8 -16234 2876 352584942 358744152 -544052786 -777119401
99 -190 -16376 2902 350826539 361405515 -542007762 -778110458
99 -360 -16322 3258 352662539 361004752 -541918768 -777528300
99 -118 -16510 2764 359111589 356864794 -543321137 -775506308
99 154 -16574 2984 366007985 351558888 -545770075 -772981911
99 160 -16470 3164 372420845 348147116 -547002355 -770588236
99 146 -16548 3116 375763119 349602223 -546335478 -768777871
99 76 -16368 2936 378832822 349694300 -545088606 -768114254
99 54 -16318 3046 380407263 348894041 -544847001 -767871418
99 240 -16548 3138 380576915 348588303 -544682691 -768042759
99 66 -16596 3572 378492159 350076249 -543199352 -769445434
99 -64 -16398 2878 374933497 352571930 -540033898 -772271198
99 60 -16284 3428 371123792 353968743 -538616401 -774459255
99 -88 -16404 3342 367481657 356384605 -536238765 -776734664
99 -94 -16538 3066 364062475 357834376 -535191750 -778398594
99 -50 -16468 3922 362247140 357893066 -534989624 -779356897
99 -8 -16470 3266 362032315 357137120 -533932962 -780527245
99 -150 -16138 3392 363503736 356427839 -533448802 -780498630
99 -54 -16300 3114 366935161 353498646 -535110543 -779086329
99 64 -16536 3508 370155115 351770452 -536839879 -777153261
99 166 -16608 3510 374071533 349524842 -537536559 -775808499
99 110 -16482 3494 376634286 348567655 -536959883 -775398475
99 -78 -16144 3554 378311425 348912564 -535674982 -775315619
99 50 -16210 3174 379257492 348427586 -535201215 -775398696
99 -4 -16332 3652 378395457 349436017 -535386299 -775238263
99 84 -16510 3962 377225021 350127606 -535294407 -775560022
99 10 -16588 3572 375994292 350608632 -534348254 -776592126
99 -36 -16098 3496 373936581 351592129 -532154414 -778644716
99 -90 -16086 3090 371921786 353459668 -530607607 -779818903
99 2 -16402 3604 370101109 354148878 -531598855 -779697316
99 -54 -16596 4084 369729287 353661070 -532238749 -779658593
99 -4 -16568 3294 370247826 352829953 -532238964 -779788923
99 26 -16324 3872 370574796 352977551 -531745155 -779903689
99 -144 -16206 2954 371665815 353109483 -530620906 -780090491
99 -22 -16252 3768 373350089 351514227 -532609760 -778649992
99 94 -16440 3632 374872441 349728889 -533731070 -777954375
99 56 -16460 3582 376470402 348900512 -534800579 -776819359
99 146 -16270 3726 377423197 347872951 -535698474 -776198938
99 108 -16210 3282 376961658 348406866 -535653495 -776214793
99 234 -16612 3596 374141947 350889670 -535245380 -776741999
99 -148 -16594 3232 370658916 355908157 -533052158 -777636326
99 -116 -16082 3314 368852241 356602333 -533487829 -777878553
99 -24 -16090 2850 368331157 357271050 -535865859 -776182223
99 -106 -16246 3492 367454225 358959996 -540169381 -772828350
99 384 -16708 3332 366438917 359422677 -544042368 -770374758
99 -446 -17080 3488 364896467 369418083 -543618713 -766668800
99 -676 -17014 2660 369522953 372678943 -544721680 -762078074
99 416 -15628 788 379219869 365909610 -553305480 -754371924
99 -250 -16386 2706 384672157 371416118 -562128318 -742300922
99 280 -17074 3648 390654423 370856865 -568471698 -734585422
99 648 -16862 2250 394539474 373234538 -570482868 -729729667
99 -114 -16208 1852 393289376 387763444 -566593734 -725848487
99 202 -17136 846 390090371 400973641 -563466749 -722825270
99 -46 -16680 1586 387757563 410973007 -562538174 -719178399
99 -434 -16720 1640 387625621 417651208 -562357281 -715534515
99 -170 -16458 2212 391077582 417927147 -562411199 -713449629
99 328 -16374 1536 397776031 413629405 -563681224 -711245337
99 -204 -16408 1120 402445166 413796652 -563146608 -708941199
99 74 -16964 1896 406903029 411362010 -563933931 -707185442
99 670 -16826 1016 408032639 409959905 -560897198 -709759171
99 634 -17970 2208 399943983 422186852 -550103739 -715618931
99 -338 -15752 -646 386497425 437613607 -535182668 -724993165
99 -372 -15680 166 368862349 453007873 -529301500 -729030768
99 -116 -16308 2556 359005208 461154117 -529667697 -728577916
99 -358 -18046 2672 360292260 467215486 -526316875 -726506180
99 -1206 -16822 1506 372716725 465789327 -521368252 -724720082
99 -68 -16122 168 394811412 445128882 -529830963 -719850598
99 184 -16154 468 412151114 430545236 -541312876 -710397167
99 250 -16332 1092 428094023 412818565 -549923051 -704856358
99 1796 -14602 -1244 435837722 404275064 -556948501 -699526287
99 -362 -16740 1308 438567950 417687390 -572398356 -677109317
99 1094 -17878 3696 431847436 411938531 -591133899 -668802406
99 350 -17376 1866 430434690 422990598 -582006237 -670816800
99 116 -16658 -638 427512521 440353754 -561307292 -679100321
99 -916 -16646 92 418596701 454021178 -552041205 -683237576
99 534 -16710 572 401678458 458550503 -557525598 -685910027
99 -580 -16236 -564 395700901 482827205 -554683618 -674941684
99 -568 -16502 32 394004300 497854798 -556678686 -663273365
99 222 -17000 1254 399238982 504900391 -557675421 -653913955
99 -654 -16602 -2276 409159313 504824653 -555816522 -649407597
99 538 -16430 -1210 406147227 476322213 -572045771 -658670420
99 236 -16316 -622 402997033 467745022 -575594217 -663642063
99 486 -16746 -1358 391755408 458900084 -577450623 -674841238
99 350 -17228 -1874 382903475 461185323 -575980740 -679603355
99 -434 -16910 -386 377768189 466982456 -573587350 -680542165
99 262 -16710 1978 377364858 461941185 -572418099 -685175257
99 -134 -17348 -2156 385964241 458839240 -564493219 -689033432
99 -320 -16388 -2480 395867274 451822189 -561507459 -690490182
99 250 -15838 -738 401051192 443948954 -566671117 -688384063
99 174 -16168 644 405176835 438735563 -574767875 -682573245
99 -150 -16446 912 409941040 436064132 -581316663 -675861568
99 368 -16864 1628 414635737 428863836 -587137870 -672564973
99 110 -17064 -910 418417523 426170577 -587116110 -671953566
99 266 -17314 -1026 418633337 427261371 -587471737 -670814665
99 568 -16726 -278 415650125 428413467 -587697140 -671736893
99 176 -16512 -496 406444780 437108084 -581860909 -676829782
99 -142 -16216 86 392349100 446764954 -574688264 -684922013
99 -62 -16414 -42 379622627 452035346 -568761383 -693529165
99 -552 -16582 -760 368927262 457586480 -562098675 -701051977
99 276 -16594 558 360533540 457571052 -559767358 -707266788
99 -76 -15526 -530 356807346 461014654 -554668463 -710927851
99 -68 -16096 -1392 353723647 462005841 -555247787 -711373029
99 338 -16556 -26 348729988 462993205 -557889804 -711129497
99 530 -17294 488 338632470 470699481 -556192955 -712278705
99 220 -18784 270 326176967 494330494 -541155714 -713665150
99 -1566 -18574 284 321234961 523080963 -523130347 -708837466
99 -2278 -20254 -612 332819108 528770087 -521187313 -700656068
99 -2114 -24542 -1340 379092137 509143209 -536822387 -679562783
99 -2672 -27872 -2346 451093200 482716302 -551962312 -641684505
99 -5638 -31540 3916 566381089 408009714 -586229450 -567447832
99 -3246 -32768 2212 700174489 245605091 -624363086 -461005422
99 -4270 -27800 290 791234670 81589103 -638023645 -336360138
99 -1656 -15974 -4276 842082443 -135596340 -634449654 -151346656
99 -5188 -13644 -402 821661213 -342184989 -596331188 71363138
99 -5114 -18348 7584 739008042 -500908689 -516026025 299325811
99 -15014 -32768 -10758 547354075 -672913113 -316007650 548316700
99 -18916 -32768 -9924 143047142 -702211253 126994558 789445318
99 -4998 -32768 -6848 -282429744 -513631327 583385652 684831977
99 -9166 -32768 -13690 -664348750 -202830691 754704045 317557606
99 -1300 -32768 -4194 -773937770 61794160 738521344 68622953
99 -9146 -30934 -17616 -791635154 315845858 633346508 -159212381
99 -13272 -32768 -3086 -635112024 536013890 478308172 -483180293
99 -7188 -32768 23812 -353571192 618392817 160655610 -787201025
99 -18502 -32768 -20576 117929906 640254449 -299698525 -799540089
99 -3238 -32768 1936 565569526 367092571 -667502949 -502725271
99 -3222 -32768 4814 770198437 42639718 -732941438 -143853012
99 -6016 -32768 -3376 801732021 -244602960 -655090136 145510017
99 -19534 -32768 -6708 660532980 -517486586 -502768334 442772610
99 -19630 -32768 -6650 350991831 -669681904 -173738350 742336053
99 -7956 -32768 -6852 -182844782 -604026074 405518720 768237703
99 -10732 -32768 -21710 -585795926 -367601757 659749509 489247542
99 -996 -32768 4678 -776057973 -87073159 709177872 200350113
99 -10926 -32768 -19784 -837866903 162608733 651218523 -19316465
99 -15318 -32768 476 -729129038 433865080 556031438 -351967292
99 -16310 -32768 -3450 -483329048 624014678 277073261 -673161958
99 -19416 -32768 -16588 21893948 668336054 -257150765 -799771726
99 -12116 -32768 -15956 545500050 380225682 -670647423 -510888246
99 -4746 -32768 -820 757082792 2563408 -753547832 -109110520
99 -15254 -32768 -17230 770500093 -326274645 -640129079 207436198
99 -16762 -32768 -5192 524608133 -644382138 -361786067 575834627
99 -20538 -32768 -20342 129254018 -728748597 153858067 762533867
99 -8236 -32768 -22164 -391587595 -475619830 640371278 602733586
99 -4980 -32768 -198 -690144338 -117099101 762525911 285417670
99 -16360 -32768 -30834 -768500443 219867722 716928032 -275805
99 -10618 -32768 16118 -644110497 529779668 538153262 -409591958
99 -20650 -32768 -21940 -382208321 740147735 177023916 -653970524
99 -11210 -32768 -8622 125818548 707573318 -442819546 -663576971
99 -4210 -32768 -5238 523932549 364020936 -775854121 -379411796
99 -6710 -32768 -8512 696523239 4020259 -810945928 -100631923
99 -21888 -32768 -18066 673465644 -374746599 -726152331 177852245
99 -17410 -32768 -7348 443960701 -712561481 -373403039 555555926
99 -6260 -32768 -2756 24900108 -779487938 245272341 696085347
99 -17060 -32768 -25828 -341326942 -627270276 595072517 537434544
99 -5392 -32768 -4612 -611682887 -268997769 787121777 294693418
99 -16920 -32768 -21034 -718354089 84693992 790923821 64455665
99 -12560 -32768 19758 -613089658 486015842 667770395 -308076390
99 -28090 -32768 -28840 -338123858 784986589 222091225 -610785575
99 -8032 -32768 16470 88075038 745829527 -373403701 -670420542
99 -5806 -32768 5246 554842531 354646273 -761054356 -374287878
99 -14432 -32768 -19734 702299834 9715751 -803714964 -116803531
99 -12812 -32768 8844 642128220 -427445580 -696376403 270073949
99 -28718 -32768 -32768 380442525 -775708412 -259092509 582516387
99 -4024 -32768 -8362 -98660546 -725454778 422393758 662178757
99 -2816 -32768 15422 -482905171 -383098770 775108601 414926610
99 -12308 -32768 -19164 -659755260 -45784734 819962864 207865977
99 -13274 -32768 14384 -638945675 392816807 755463414 -140132806
99 -21524 -32768 -20694 -459233988 760292920 368168535 -477940821
99 -5984 -32768 7570 -53997259 821508451 -300584052 -620300097
99 -1458 -32768 14266 344177785 537671276 -742021248 -441333188
99 -6530 -32768 -20120 594830180 161874037 -842277750 -251918473
99 -18680 -32768 -6858 627094628 -247801758 -835253847 24837058
99 -16734 -32768 1168 547449471 -592697341 -615307905 351175248
99 -18478 -32768 5790 241780031 -812565514 -71555333 655035722
99 -21334 -32768 -32768 -217137520 -726058644 436265480 623122430
99 -6610 -32768 1848 -543997532 -406312113 723616786 410214705
99 -16174 -32768 -16394 -686798978 -91652603 796818299 194699778
99 -15230 -32768 7338 -673586542 348920134 742517207 -161626841
99 -29790 -32768 -32768 -469502514 740742625 373192881 -494479840
99 -10266 -32768 -14334 -21495108 784844426 -310238596 -663493602
99 -5678 -32768 18280 387781566 464282198 -740354442 -488735297
99 -13734 -32768 -14614 626013966 65771421 -826971036 -269851598
99 -15376 -32768 6482 651153199 -396984445 -753400268 60909248
99 -21754 -32768 -29700 537771689 -739357159 -432799174 360213811
99 -12040 -32768 -25806 107954186 -837248690 313539203 584781325
99 -7590 -32768 5198 -268799676 -563207702 719388505 495925628
99 -17342 -32768 -20552 -545381194 -132353165 869290369 286872619
99 -13536 -32768 8780 -581209166 388459677 813706376 -45775169
99 -20880 -32768 -14996 -455657414 782500959 430377397 -384396205
99 -7594 -32768 -2918 -114630829 868224285 -199935570 -588208698
99 -7718 -32768 17146 247382012 664603483 -615555228 -520686382
99 -18858 -32768 -17974 580953022 170358141 -841448591 -279920280
99 -15390 -32768 18290 620111802 -296485191 -824400345 28977384
99 -29986 -32768 -32768 494223260 -751171094 -446665154 380644621
99 -4916 -32768 -17874 119834632 -851582039 238742799 596963730
99 -8332 -32768 21340 -282678901 -564321248 725340215 477948060
99 -17726 -32768 -31568 -561047107 -137412429 853144437 302338625
99 -15970 -32768 10678 -604393366 389269883 796522497 -40589520
99 -26230 -32768 -28700 -470932472 804006649 370351481 -384123384
99 -15000 -32768 -29748 -94832975 863738988 -296558741 -556714255
99 -8806 -32768 1592 313577555 533215068 -755048557 -447404770
99 -19686 -32768 -19096 528130090 137368392 -883577716 -272797283
99 -17984 -32768 3596 575134601 -495063266 -751536227 110648368
99 -24444 -32768 -32768 434197725 -842589479 -315443066 393604195
99 -20696 -32768 -27950 74405096 -871987080 359234208 507907366
99 -7472 -32768 -6304 -326147135 -515186947 777003370 421183106
99 -27332 -32768 -15610 -546723761 -37613763 901272184 200760039
99 -17644 -32768 1130 -555393937 531598109 731982307 -161433069
99 -10864 -32768 10892 -340185786 873897760 164878760 -496288427
99 -29280 -32768 -32768 -2520232 860886417 -364690729 -528001622
99 -5016 -32768 7512 362845292 494493898 -768941093 -430660210
99 -25394 -32768 -9110 567092761 36124422 -884140537 -219805955
99 -18034 -32768 -8620 589072190 -523618630 -719486117 118638643
99 -24508 -32768 -6636 388457575 -885810264 -156294140 439229007
99 -20238 -32768 -25626 49123295 -823932610 420636372 542866085
99 -6158 -32768 -140 -373803471 -407562929 814294399 428961417
99 -27468 -32768 -23758 -542194750 9285596 893064153 247573448
99 -18838 -32768 -9414 -587006616 542867871 710571831 -93402477
99 -14534 -32768 -3282 -418519065 892210426 170606746 -390651896
99 -18526 -32768 -19870 -117412362 878848280 -401846376 -453072942
99 -6684 -32768 -6596 245304386 508889645 -822275121 -397039104
99 -24282 -32768 -32768 481060829 32483935 -928604142 -241119088
99 -18470 -32768 -792 527391308 -526661110 -767928800 87691261
99 -9364 -32768 17732 381674343 -882161254 -223024815 423426508
99 -11670 -32768 13302 14953414 -860111489 428449959 478883798
99 -7594 -32768 -7336 -341377594 -443555964 826849476 394915941
99 -21636 -32768 -6874 -513834476 7241385 918496064 212614077
99 -22206 -32768 -11384 -554471282 574921949 707791910 -118211481
99 -8242 -32768 13700 -362540358 906375391 87397177 -438545094
99 -7724 -32768 9800 17675061 786425152 -566542285 -461702457
99 -13166 -32768 -21356 373137122 361342125 -869170838 -357298445
99 -20768 -32768 19382 496188667 -151902072 -932881239 -115626193
99 -29278 -32768 -32768 488295697 -685237546 -628248139 224136400
99 -1240 -32768 5292 239865866 -906978834 13015552 522112892
99 -460 -32768 10296 -83966745 -801188489 537243518 464042772
99 -3600 -32768 -6566 -361823613 -500161273 788072269 388310933
99 -18752 -32768 -10158 -517668452 -192456908 878826872 274888107
99 -13864 -32768 9350 -587071277 337905939 833117824 271458
99 -28102 -32768 -32768 -492848629 791593024 416905874 -331034138
99 -21860 -32768 -28932 -157664294 887762024 -281714584 -510463307
99 -7756 -32768 6016 177038177 607030405 -724581915 -477567588
99 -20358 -32768 -21720 456263905 137951220 -909199889 -314749170
99 -18346 -32768 -6158 557369050 -413963080 -818641615 -26806667
99 -17262 -32768 -11126 476683538 -838695939 -365759452 297483975
99 -15258 -32768 -6552 189092787 -913560330 303918870 436119549
99 -5504 -32768 -8752 -172337672 -599178101 761742743 428897157
99 -27832 -32768 -32768 -438864213 -133758246 929693622 279453381
99 -19904 -32768 -3946 -508951500 459942290 824530357 -49894499
99 -9048 -32768 26240 -382681875 854803935 342484911 -398100337
99 -22016 -32768 -32768 -108783873 949628253 -176637798 -456167133
99 -4992 -32768 1348 265342313 629267663 -714222855 -420025140
99 -18112 -32768 -8152 473321168 276251655 -876667276 -289872925
99 -20316 -32768 -1454 574003674 -294918850 -857974189 -18447974
99 -23506 -32768 -19194 471680318 -793489668 -424981852 346690345
99 -20514 -32768 -14654 124306795 -899532357 298719137 488947015
99 -7032 -32768 6142 -243213035 -509069370 803437480 434859132
99 -23058 -32768 -14504 -493631737 -3806310 916291880 263895724
99 -22994 -32768 -18428 -565677003 571720233 708041518 -68841298
99 -9028 -32768 17212 -442460513 879979383 203226450 -376134304
99 -7802 -32768 5424 -87444050 846644506 -451078945 -474331543
99 -12526 -32768 -22384 300924471 466564570 -830227028 -394213116
99 -14056 -32768 19182 469953400 -134538045 -946506065 -134483384
99 -25272 -32768 -19222 479448834 -680145104 -651522127 189647693
99 -17048 -32768 -32768 259012628 -955748028 -26380446 414341324
99 -14210 -32768 -354 -53257619 -839411886 522727872 414997786
99 -16458 -32768 -12686 -390239862 -308124758 912120633 271526850
99 -22938 -32768 -760 -499894510 217063488 923076285 61934257
99 -25986 -32768 -23384 -441641051 783428325 512741409 -284957439
99 -29546 -32768 -32768 -165353619 957991196 -173910431 -421405951
99 -8816 -32768 -1898 197791360 652612643 -727422930 -398433072
99 -28752 -32768 -12184 450048107 115570783 -944034029 -214045755
99 -30928 -32768 -26926 513519174 -529729354 -774239834 95675085
99 -5584 -32768 30500 340113084 -913977799 -147059661 424563602
99 -10626 -32768 5818 -35444207 -828890424 518044409 442978777
99 -21042 -32768 -32768 -397865965 -391918101 858232745 323199606
99 -11954 -32768 20120 -501395462 169112326 932731303 54138895
99 -28916 -32768 -32768 -475583010 729284695 571052512 -262255273
99 -23932 -32768 -32768 -200686819 946155357 -124501073 -449365739
99 -7970 -32768 9192 165687063 669221732 -704362461 -426006293
99 -28752 -32768 -32768 445743759 188896483 -917547069 -276868310
99 -20624 -32768 1564 525549082 -446472110 -821422949 51398465
99 -12128 -32768 -3178 403140561 -888832268 -287709632 342916573
99 -14798 -32768 -4378 145203256 -934517099 301147274 409657774
99 -9756 -32768 -17150 -206389970 -613690276 773467972 368040464
99 -28334 -32768 -7454 -420946564 -72665989 966697187 189567765
99 -32712 -32768 -21512 -469851497 569378859 770542371 -119277326
99 -8026 -32768 30336 -265140941 930341153 120692177 -450014841
99 -11482 -32768 8168 117122600 807636606 -539288731 -442819037
99 -14722 -32768 -26520 434950924 364186888 -850096727 -329303620
99 -13584 -32768 17394 543018078 -201341222 -903937218 -20197705
99 -32382 -32768 -32768 492898050 -729880201 -547941538 277491315
99 -17164 -32768 -32768 245527524 -940449847 51033836 453409472
99 -10562 -32768 7508 -125211993 -715198924 662208068 432678258
99 -30134 -32768 -32768 -413441648 -224729711 920823264 289074989
99 -23480 -32768 -8810 -497027601 409568385 859120414 -6885902
99 -14796 -32768 -6022 -405400199 875150167 383468173 -275009481
99 -13356 -32768 -1874 -155506875 970032471 -262627304 -344671487
99 -9546 -32768 -6744 140562014 736994693 -695399642 -326219185
99 -32768 -32768 -32768 439949708 165050549 -952048008 -160383183
99 -17932 -32768 -72 459653740 -428034393 -860204431 135902444
99 -7868 -32768 -25098 321087185 -901730592 -337484319 350435461
99 -4920 -32768 15256 84509041 -954488580 335168675 349841019
99 -4796 -32768 1020 -201419475 -674047986 748170488 313449861
99 -32768 -32768 -31730 -426783380 -213098767 939989173 204404806
99 -18486 -32768 3564 -467228258 369675273 892192987 -44128669
99 -14882 -32768 -10506 -368313968 871320295 406298127 -304927400
99 -10862 -32768 -116 -106696117 959451725 -287315490 -372066944
99 -5456 -32768 -11400 207102597 666747059 -743542200 -335591715
99 -30192 -32768 -22874 420301497 194887726 -950693193 -185646241
99 -29466 -32768 -14956 478060100 -454510543 -841741821 96262113
99 -7998 -32768 23906 307873566 -918580598 -250037677 389637050
99 -7994 -32768 1072 -8339935 -889633340 463736275 382553937
99 -10646 -32768 -6318 -298493425 -483835304 855030290 314082766
99 -22118 -32768 2388 -444097107 25161324 966218054 146569125
99 -31020 -32768 -32768 -486957432 639715597 698583608 -136135750
99 -16822 -32768 -32768 -303914243 962655882 23902137 -365066554
99 -7806 -32768 1244 -21406429 839781697 -548556091 -382507439
99 -28768 -32768 -32768 343504640 382044502 -898753335 -284969225
99 -12808 -32768 25972 428659627 -205590789 -961474677 -49658024
99 -32768 -32768 -32768 414404921 -778289454 -574271191 213681076
99 -26110 -32768 -32768 165255452 -991330754 138863792 351547541
99 -1504 -32768 25864 -116295348 -683425430 745040318 342401290
99 -32768 -32768 -32768 -382491756 -206634332 947364095 257722299
99 -25214 -32768 -7488 -461193505 469075036 848350389 -22074718
99 368 -32768 32767 -347517455 903286442 282349832 -369456737
99 -5108 -32768 8546 -47714624 932766366 -351075685 -396652094
99 -7960 -32768 -8630 223120104 666058040 -728143742 -359597745
99 -17852 -32768 22438 413951136 157944620 -957620896 -198940987
99 -32768 -32768 -27130 502051087 -479506317 -817322559 54017628
99 -4736 -32768 30654 374346675 -889055643 -296737239 366473090
99 -15902 -32768 242 3586041 -844913191 529019105 398950590
99 -8614 -32768 -21988 -274943104 -458122257 857423727 363695421
99 -10148 -32768 32767 -445693324 134119782 959698445 123551523
99 -25058 -32768 -32768 -475559296 698180927 648150572 -138576920
99 -12738 -32768 -14480 -356637126 946041168 115051933 -342778026
99 -11346 -32768 6778 -57112269 877623773 -474866531 -392345285
99 -30126 -32768 -32768 302492731 511134117 -831430674 -329970776
99 -15542 -32768 25100 435646005 -180492631 -961716457 -75192056
99 -23566 -32768 -5780 403104332 -763545201 -588684469 246711629
99 -19880 -32768 -32768 162886665 -985064044 60735158 390313612
99 528 -32768 19090 -112977104 -769486345 614414469 412966863
99 -25416 -32768 -32768 -397162875 -441164731 830944295 331793339
99 -16658 -32768 13856 -512926690 160639736 924728426 94319972
99 -32768 -32768 -32768 -490972712 653643174 666852412 -199790832
99 -24638 -32768 -32768 -227503792 945562871 32177084 -453910009
99 -4124 -32768 24660 116977576 771698544 -588275860 -444574892
99 -32672 -32768 -32768 444014529 357725984 -850446511 -323330133
99 -19884 -32768 -4906 550606665 -275028275 -879798603 -8003844
99 -17624 -32768 7282 458352856 -779143858 -469393049 339750030
99 -4956 -32768 -896 153276486 -924738166 187831091 488877227
99 -10372 -32768 1468 -203284198 -668349500 682261994 446566872
99 -22076 -32768 10580 -452694890 -135958154 929410074 256310244
99 -27534 -32768 -26342 -543426465 406755018 831735093 -19259509
99 -4422 -32768 16318 -404545013 857899242 312245893 -394677447
99 -7546 -32768 2508 -93153316 920389477 -325257810 -437413087
99 -13772 -32768 -17882 247418617 614399021 -761960637 -365558542
99 -25080 -32768 -564 438240464 137863308 -949207280 -202139976
99 -31604 -32768 -32768 490477400 -520149085 -791153021 125969372
99 -10806 -32768 -20996 318430428 -914418216 -204535664 416562045
99 -8406 -32768 12802 8639579 -881818274 427653385 438579234
99 -13514 -32768 -28124 -320042220 -551082255 785060484 361222055
99 -19358 -32768 4888 -481669260 3510278 947475150 152285211
99 -29400 -32768 -31234 -506844719 517098603 783918440 -118766167
99 -8928 -32768 -31206 -334067194 911176936 218407487 -404191418
99 -12940 -32768 -1908 1989668 890245547 -431658349 -417188484
99 -17930 -32768 -30340 331000840 509797815 -828336779 -311964559
99 -13634 -32768 18604 457521353 -101264346 -964658209 -52646386
99 -25374 -32768 -19196 428549783 -681994100 -668801833 238427353
99 -16904 -32768 -32768 235520031 -959699659 -128605666 399854989
99 -7458 -32768 12842 -72474616 -859897695 506095404 390010857
99 -24424 -32768 -32768 -371175442 -472272268 843044311 285277179
99 -20924 -32768 178 -485938965 126853918 948414367 34634320
99 -21620 -32768 672 -413938470 703925560 630956156 -296564979
99 -19740 -32768 -30738 -145074286 976995653 -1863965 -421124157
99 -2356 -32768 22662 160756911 768231552 -610736971 -404841221
99 -23136 -32768 -32768 410043907 437791244 -836330759 -306060930
99 -18826 -32768 4726 520520864 -128958106 -929082757 -46385336
99 -24740 -32768 -20232 459781623 -687912460 -624323879 280196994
99 -23466 -32768 -32768 205042412 -959846004 946562 435395533
99 -9666 -32768 -2624 -145044392 -777460526 595325985 415958991
99 -16232 -32768 17162 -390310353 -279769189 928111556 246805601
99 -26832 -32768 -23274 -501685437 256090267 913369857 37443623
99 270 -32768 32767 -411358537 791431371 483951935 -350892367
99 -10590 -32768 15320 -142702535 962932465 -168990349 -420420281
99 -10728 -32768 -24172 215329404 675553443 -712928799 -376711750
99 -18796 -32768 10450 405643207 232532223 -943108969 -211767546
99 -30300 -32768 -28492 491664273 -412770922 -858071495 67191404
99 -8890 -32768 1376 335655063 -885085682 -303174772 406152175
99 -12008 -32768 5042 8538554 -922474734 359691964 415338215
99 -17386 -32768 -31644 -323762610 -580031887 783846086 311841507
99 -15404 -32768 18128 -464095181 17332480 966460180 56452025
99 -32600 -32768 -32768 -470641477 556316282 764563160 -193302903
99 -32446 -32768 -32768 -246444698 957877019 131338497 -396738069
99 -5004 -32768 17652 92214415 813002216 -563699298 -407043226
99 -29132 -32768 -32768 407709121 414949923 -856739132 -283736781
99 -15176 -32768 2902 498472015 -186528879 -932550014 -1290386
99 -21570 -32768 -12760 447848466 -720017823 -600157343 271538082
99 -13938 -32768 -7066 195719966 -966634320 47972959 421812665
99 -7754 -32768 6964 -99168510 -807861611 565644731 412903280
99 -25846 -32768 -28910 -379845401 -363063102 891726669 285733069
99 -20870 -32768 4278 -467959915 272042288 927303892 -5610671
99 -10626 -32768 16360 -373595538 802248949 525508576 -305907839
99 -10950 -32768 2990 -110963751 988993650 -128015858 -382238470
99 -9050 -32768 1336 151568396 773209987 -641203796 -347776874
99 -20970 -32768 -5538 388177241 277382329 -939359553 -207120333
99 -31110 -32768 -31276 475130789 -374576104 -885647263 49876685
99 -5636 -32768 6066 341276093 -872667831 -355563488 385320758
99 -10646 -32768 5208 51282790 -951475500 288153374 402429205
99 -8722 -32768 -15614 -275057839 -670813386 718259833 333729589
99 -20250 -32768 7724 -423925429 -256216746 937956712 166716727
99 -26666 -32768 -16990 -480399906 357028879 884618971 -110056765
99 -19144 -32768 -24476 -332126237 870972296 410258488 -340151042
99 -10156 -32768 424 -49738165 953193223 -294692883 -393727401
99 -7380 -32768 -5628 264146484 662367059 -729809145 -334357921
99 -20416 -32768 5338 443486011 152859798 -956280400 -135638390
99 -24406 -32768 -6096 480278480 -372852539 -874705354 134616915
99 -15682 -32768 -5374 315809215 -869079237 -399028357 372367172
99 -4622 -32768 4662 23701568 -945668632 275178961 427016800
99 -2294 -32768 -3008 -276270370 -712965203 658494595 366961752
99 -25704 -32768 -31394 -458103549 -409927036 845395082 245615473
99 -16392 -32768 7158 -530447655 149734908 921265390 -19851588
99 -23150 -32768 -9186 -448941304 698045229 612675298 -297872346
99 -12428 -32768 -9936 -166125854 958459927 -50812926 -451763367
99 -3516 -32768 20806 165908807 753754307 -609804488 -430565273
99 -29724 -32768 -32768 413763159 397345065 -854485167 -306086214
99 -19312 -32768 -956 510809863 -211243487 -920142909 -26554393
99 -14634 -32768 7530 440337194 -737602446 -584487869 270805465
99 -9234 -32768 1356 210309057 -971542710 13329287 405727538
99 -5372 -32768 -1622 -128037738 -829349431 540105255 396221518
99 -30462 -32768 -24738 -401429254 -417693734 871688985 239709028
99 -18850 -32768 5596 -475407174 140028545 952310523 -20059301
99 -12504 -32768 -3110 -385504746 720230980 626841321 -304365542
99 -8454 -32768 330 -160913305 981845645 3657879 -403719864
99 -890 -32768 15436 122132523 848535540 -507543652 -400488177
99 -27810 -32768 -32768 421958681 574003338 -747351740 -294713706
99 4098 -32768 32767 453669116 82887996 -968248832 -52220274
99 -8618 -32768 -32768 457357478 -487644826 -817399821 194419219
99 -8284 -32768 -29362 208284711 -915427191 -243973568 460438482
99 -3654 -32768 26022 -27922285 -917809618 299501280 469109218
99 -7332 -32768 -17450 -343204723 -703418648 601402800 422668194
99 -15328 -32768 8050 -506920980 -359548101 841110499 243328306
99 -18732 -32768 960 -588869640 109217130 890924107 -21870403
99 -15338 -32768 -24388 -486361871 618606406 661985833 -308982674
99 -8422 -32768 -16862 -267060861 917028567 148721030 -467480823
99 3704 -32768 11672 -59035697 903032881 -274200755 -508705177
99 3202 -16044 -7258 166844812 797040509 -504708361 -484850648
99 -2798 7946 -20086 288819781 725562477 -605219696 -420443616
99 -2948 -520 9450 308668077 581694549 -764646733 -366868203
99 -908 4680 11708 339617863 397347935 -869326511 -352089736
99 -9334 3136 -5488 372803960 144436699 -957088401 -277593822
99 -8636 -26958 2884 389527235 -170674353 -978080657 -124170277
99 -13510 -32768 5204 382678687 -462424735 -889749424 31417031
99 -3278 -32768 14754 350761519 -731543199 -680385984 178344372
99 -2092 -32768 -10010 245011625 -952858996 -351624114 247609679
99 3838 -27742 -350 139308689 -1019929543 -39464530 302821379
99 6628 -12004 4972 81754080 -1016502482 118310213 314584126
99 4930 -11522 3764 78828184 -1022630591 102138751 300835458
99 2012 -19210 1220 100618953 -1031913611 -17596108 278643119
99 -2320 -25084 -722 145544058 -1012992387 -218618554 240397064
99 -3454 -28390 3498 184805226 -960707873 -381816382 223663010
99 -3766 -22478 5336 207750027 -883614918 -531859661 214735659
99 -3914 -15486 280 199975664 -825398429 -621179513 213973563
99 -984 -15164 166 167373752 -807084860 -645973991 237147985
99 -2172 -14838 1574 151279095 -809527144 -642224526 249498703
99 -2328 -16274 3016 132664490 -841950592 -600486031 256626902
99 -1552 -19100 2742 97549319 -891264850 -529050872 262978658
99 746 -21868 108 35871012 -952020096 -418204443 265325367
99 2178 -20238 256 -9984991 -987948817 -335370343 253585631
99 2590 -17748 466 -49090046 -1009093148 -289926068 219512113
99 1078 -16298 794 -71822732 -1011496295 -299292833 187248622
99 -450 -15746 -884 -89869517 -1001884626 -342190210 154848422
99 -868 -15392 1270 -100035787 -991058533 -370894811 152165604
99 846 -16492 -122 -118549567 -978504344 -389822402 171567042
99 136 -16990 74 -128421710 -962879459 -418424667 184968421
99 -720 -17710 134 -141479236 -947430916 -445601961 191621200
99 -1088 -16428 1118 -156847283 -935733693 -466549821 187227553
99 -1434 -16004 1156 -177477245 -933470347 -466277623 180669933
99 -752 -16566 1204 -214529768 -941379968 -439223949 166687029
99 -1594 -16970 -976 -241587975 -960661915 -394116016 127898426
99 -606 -18094 2342 -261367265 -981267846 -336139235 93447781
99 1084 -19550 -2584 -290908845 -998998144 -254855691 73108378
99 2514 -17682 1272 -310478347 -1005457224 -200662303 72904829
99 1558 -18528 -4520 -326441985 -999481858 -209159170 60378757
99 -374 -18806 3946 -334434218 -988116556 -253215654 24140553
99 1794 -16498 -2064 -375834914 -968367122 -270091445 31390323
99 -460 -16384 -4470 -392941740 -950324965 -305568263 45042130
99 -2648 -15472 -1952 -427836270 -927893841 -327833654 37626422
99 -364 -16490 -424 -458270503 -921006012 -305109619 39568933
99 -1092 -15812 6014 -470604979 -919963926 -289368463 37211917
99 188 -17338 4020 -499992324 -910343051 -271224492 25337441
99 -68 -17736 -1208 -531807848 -895883081 -259588905 10441599
99 82 -17896 4534 -540216828 -890319628 -261341222 10909216
99 148 -17518 2272 -559848298 -877220579 -263693638 21002635
99 652 -15682 2424 -583013309 -858373875 -274148998 32459309
99 -408 -16458 2062 -601241789 -841954128 -284592292 39373751
99 -200 -17378 2224 -618812800 -827585227 -287957768 46639475
99 -1198 -15314 1928 -637063247 -813662407 -288226993 44165786
99 -114 -16478 1066 -655665036 -806628608 -266408291 37440332
99 -210 -15160 1950 -663822633 -805456071 -250575101 26714329
99 158 -16818 2000 -669788154 -806424714 -231777069 16245242
99 -134 -17230 2106 -673578802 -806168135 -222010777 4154037
99 266 -17454 3330 -679370687 -804566289 -209821543 -4998401
99 932 -16928 1952 -689951046 -798346956 -198437313 -12402882
99 210 -17098 2520 -696882242 -792979549 -195611124 -14013219
99 92 -17098 2308 -706966438 -784101867 -195456317 -10052545
99 32 -16906 2332 -717024342 -774418973 -197597963 -5281997
99 -294 -16324 1622 -728661499 -762123268 -202834468 -479176
99 90 -16434 1888 -737860094 -753810379 -200567297 5163427
99 -330 -16078 1680 -744585181 -746956286 -201213531 9156258
99 -328 -16294 2480 -749099669 -743816901 -195957707 10401420
99 -290 -16876 2328 -754093399 -740970663 -187481526 8820891
99 176 -16782 3152 -760878826 -736803987 -176312846 4310930
99 54 -16804 2570 -767044909 -731926756 -169843375 -258393

