99 -1698 1584 17346 -24425517 40239223 19750247 -1072527685
99 -1460 1288 18326 -22543053 40783409 13079044 -1072650442
99 -382 1196 17788 -19244459 43439504 8064152 -1072659842
99 -1234 1234 17716 -16995543 44652571 5548900 -1072663981
99 -6 1254 17252 -13399880 45219264 4977775 -1072693988
99 -932 1342 17466 -11680340 47457989 2991689 -1072624756
99 -402 1298 17482 -7045407 45345753 3167539 -1072756076
99 526 1138 16666 -2438583 43050759 4393037 -1072866671
99 -852 882 17554 -2289284 40992327 1687276 -1072955288
99 -854 686 18436 -1358750 38576056 -2349949 -1073045212
99 -358 426 18424 911948 37441319 -5123688 -1073076219
99 4 472 17606 2705564 40774130 -5902513 -1072947724
99 -158 596 17396 1830811 42486780 -4633820 -1072889350
99 -740 1022 16890 -2263790 41690298 -2159034 -1072927603
99 -1294 1176 16648 -6460596 40148980 -1314408 -1072970689
99 -1142 962 17350 -9896822 38654345 -3556941 -1072994292
99 -992 824 17848 -13223966 39626750 -7444436 -1072903041
99 -1648 820 17886 -15328571 36900541 -7040388 -1072974988
99 -1132 940 16638 -14579167 36492828 -5916223 -1073006164
99 -942 712 16658 -12741131 37288904 -7250135 -1072994010
99 -580 374 17256 -11407377 36258510 -10228286 -1073020075
99 -582 214 17968 -11937468 35752563 -14744261 -1072978735
99 -1338 212 18422 -13758514 33950318 -17511331 -1072973877
99 -1144 322 17722 -14060768 31819176 -16460154 -1073051912
99 -790 532 17200 -13788856 30332094 -13647029 -1073137968
99 -1344 708 16670 -15146412 29784775 -11558571 -1073159522
99 -1212 484 16660 -15093858 29291879 -12319313 -1073165366
99 -1042 118 17714 -14623461 30303608 -16505859 -1073087559
99 -1218 136 18050 -14791405 30402131 -20219494 -1073018921
99 -1138 280 17800 -15185056 29676795 -19992080 -1073037989
99 -1316 268 17542 -15641255 29849522 -18979267 -1073045037
99 -1504 274 17304 -15778393 30323373 -18273659 -1073041992
99 -1194 202 17044 -14963125 30397338 -18108133 -1073054384
99 -1306 114 17486 -14546321 31351190 -19367795 -1073010673
99 -820 116 17356 -13720229 30436192 -19592978 -1073043809
99 -938 210 17656 -14714007 30916169 -20506234 -1072999856
99 -1930 262 17798 -17073647 28751627 -20200105 -1073030893
99 -750 326 17192 -15869414 28260199 -18624242 -1073090941
99 -942 284 17516 -16242663 30204595 -18318725 -1073037646
99 -1208 98 17438 -16958763 30242505 -17422117 -1073040432
99 -1144 212 17144 -17318247 31470711 -16999184 -1073006155
99 -1232 322 17298 -17709676 31329355 -16563482 -1073010716
99 -1152 170 17564 -17748259 31809968 -17275900 -1072984705
99 -922 178 17754 -17713836 33185090 -18253757 -1072927434
99 -1178 264 17312 -18383726 33471818 -16823094 -1072930644
99 -1256 352 17418 -18944181 32530072 -15645830 -1072967673
99 -986 272 17632 -19391150 33541892 -16217569 -1072920045
99 -802 334 18012 -19787086 33634623 -16214620 -1072909958
99 -1048 334 18360 -21267297 32755646 -14803587 -1072929229
99 -908 756 18546 -22963379 32056285 -10288948 -1072968184
99 -1410 800 18210 -23292905 29257890 -2515375 -1073087413
99 -348 576 17102 -20460220 30460303 5551149 -1073100294
99 64 -202 17982 -18920870 37162791 3378635 -1072926381
99 1248 -1004 18994 -20710333 48630981 -5933274 -1072423617
99 -156 -988 19880 -31029888 62445453 -12279554 -1071404886
99 -1428 -614 19600 -42895343 68001249 -7405479 -1070701866
99 -1022 -68 17738 -49103796 70708076 3668495 -1070279045
99 638 278 16228 -56710909 85602414 10750749 -1068766591
99 1008 468 15602 -67643951 94744211 11049658 -1067355256
99 288 1220 14624 -80231325 95459258 10959885 -1066420111
99 -1062 990 16694 -93581470 81312199 6772371 -1066539487
99 -1728 520 17552 -103176354 75293558 -1571673 -1066116578
99 -1518 678 17600 -109806960 71611080 -11837430 -1065643311
99 4 660 18014 -106336655 70832687 -17078760 -1065976111
99 1436 664 18840 -101689906 73653431 -18434663 -1066215741
99 -946 1134 15782 -101877035 78966879 -13013632 -1065897488
99 1440 480 17462 -91781296 66822617 -6208791 -1067704963
99 310 1778 16684 -88424731 75490825 -473056 -1067428445
99 478 1914 16658 -83703446 75752119 7617573 -1067763470
99 296 2346 17066 -82158815 80306366 7749814 -1067549654
99 -2106 1812 19780 -83391429 84345838 3683928 -1067164273
99 -1724 1190 17022 -75790761 86578719 3892893 -1067551515
99 -1660 -66 18730 -57823257 87796079 -4211629 -1068574793
99 -552 -2676 21406 -33728236 96915015 -16884270 -1068693742
99 -1946 -3206 20488 16240595 105622620 -18702919 -1068247075
99 -4050 -2146 15402 105491639 90832173 -8003617 -1064649460
99 -2940 -3884 14462 242384857 53491128 -7438813 -1044631242
99 298 -10592 15738 435294665 22508285 -32190325 -980763575
99 -5432 -13244 14762 610874668 44372261 -57088316 -880071377
99 -3850 -19520 21284 780650593 25976494 -106393235 -729048502
99 -3498 -17662 12104 922220164 13775157 -134907950 -532955414
99 -5420 -32768 22242 1033187247 14792292 -164340849 -241285406
99 -3878 -32768 15506 1056040775 10327692 -159030043 110913898
99 -5870 -32768 12654 979079156 12520524 -138982098 418153463
99 -4682 -32768 11746 763588083 45532062 -103654931 746349000
99 -4708 -32768 15926 445525514 105210495 -49025712 970028525
99 -156 -32768 31678 133208839 150566385 -1935815 1054752407
99 -358 -27136 18670 -173196763 111235101 16071011 1053704294
99 -4732 -22822 6746 -405277581 68425233 19652097 991767731
99 -4210 -28684 23952 -684495673 45161420 71867807 822910923
99 -11210 -32768 15820 -919286989 37399471 105016885 543511904
99 -6774 -32768 22784 -1048698492 40878210 144648095 174808343
99 -6170 -32768 14120 -1047689731 32102266 102476126 -209129748
99 -9302 -32768 2170 -869835725 23794351 47880202 -627254022
99 -6116 -32768 20498 -474642937 -55261011 -25448150 -961214204
99 -2170 -32768 13348 -19725220 -55802707 -83031884 -1068888997
99 -5492 -32768 17316 335294893 -52381568 -116632721 -1012003522
99 -3404 -32768 7738 693848750 -46196664 -130126123 -807730210
99 -4924 -32768 9346 936603671 -11166152 -142867792 -505132410
99 -6874 -32768 13814 1055128722 31393281 -159010792 -115560971
99 -5052 -32768 16264 1033408244 52627034 -148220082 245457960
99 -7424 -32768 7782 870882451 43732714 -99153609 618660461
99 -6552 -32768 15676 532009609 76907400 -53611478 927953283
99 -906 -32768 20100 149001721 102909528 -2538039 1058358400
99 -3406 -32768 15114 -240647635 59088090 46343485 1043729250
99 -3824 -32768 5396 -583060345 17246758 91568081 896816375
99 -4570 -32768 8550 -822785431 -31287046 141121743 674574674
99 -1110 -32768 32767 -1002031648 -53422387 218873852 313199496
99 -6948 -32768 7464 -1061644087 -37120495 155425939 17260613
99 -7162 -32768 1572 -998616721 -4654170 130310110 -372401836
99 -5586 -32768 11924 -799441089 -34826549 85008914 -710897451
99 -4140 -32768 26514 -422036651 -81414780 20176552 -983753171
99 -6374 -32768 8590 -4591919 -43279433 -20818153 -1072657158
99 -6292 -32768 9466 362466143 -33374104 -58589286 -1008460494
99 -7822 -32768 15914 741783309 -22252455 -124674880 -765923761
99 -996 -32768 23864 989737341 -12004455 -158928965 -384627654
99 -10118 -32768 138 1067142677 3003319 -102868448 -59469407
99 -4830 -32768 14680 993492078 42615059 -96984931 393283680
99 -7862 -32768 14280 744446709 71257065 -46985981 769047870
99 -3760 -32768 22134 410923619 82688949 -15290853 988428663
99 -7002 -32768 7932 -14460892 31149020 17931915 1073042376
99 -5316 -32768 8504 -389389149 15051026 57629794 998873949
99 -5366 -32768 12228 -756085163 -13636943 130601620 751008178
99 -3596 -32768 21704 -963056656 -43090070 164608395 443272109
99 -9610 -32768 4330 -1058568433 -54062245 141385662 97165318
99 -6692 -32768 11010 -1003699144 -54285585 136705486 -351956734
99 -7510 -32768 10502 -774080681 -48103335 96434864 -736278623
99 -6530 -32768 18000 -455266806 -43748929 51084183 -970118186
99 -5362 -32768 16376 -10808751 -24224291 -2951603 -1073409716
99 -6406 -32768 9494 435993497 -15054881 -56520446 -979494337
99 -3214 -32768 23310 801964378 -567566 -122865414 -703333305
99 -5204 -32768 7258 989668105 22165222 -100870314 -403499672
99 -5434 -32768 15072 1066682603 38622955 -112493888 31018346
99 -5316 -32768 18046 957272399 68514100 -82485444 474396838
99 -5662 -32768 12756 728394766 67877898 -54504742 784081391
99 -8856 -32768 8036 337194173 50878104 -4962734 1018139241
99 -5508 -32768 14792 -76311972 50433112 35629606 1069244632
99 -7472 -32768 13688 -533569792 28014865 81290374 927809698
99 -4644 -32768 16466 -844638483 8154749 103773533 654729738
99 -10192 -32768 -1724 -1042431854 -27036546 76318623 244337795
99 -5008 -32768 15092 -1053391565 -59101194 89952774 -178051410
99 -8328 -32768 13028 -872896312 -74364095 63924081 -617540520
99 -7022 -32768 14356 -567336766 -75950263 40471048 -907547849
99 -5694 -32768 15020 -111460959 -57086213 -521918 -1066413607
99 -6888 -32768 9632 355754349 -37816510 -39619191 -1011612421
99 -5290 -32768 17490 704777485 -18474200 -83701145 -805519821
99 -6150 -32768 8966 973811536 17309402 -89205365 -443119293
99 -6458 -32768 13432 1067348786 49333051 -103607253 22775408
99 -6408 -32768 19642 944930194 75829471 -84223792 497175774
99 -7462 -32768 10730 689157897 57772183 -61061833 819094486
99 -9278 -32768 8222 314402317 38941968 -26408376 1025601064
99 -7210 -32768 10950 -205611837 23222976 27392577 1053258927
99 -7424 -32768 15284 -670677645 3332702 93174340 833318152
99 -610 -32768 16936 -936398491 -22850474 105682852 514186447
99 -12420 -32768 -4156 -1056927394 -52109353 69790386 168044622
99 -4746 -32768 23090 -1012657306 -100889710 88518811 -330804075
99 -7170 -32768 3202 -777839453 -74261678 62378674 -733812362
99 -10018 -32768 12994 -435714472 -64707162 29324920 -978788094
99 -6248 -32768 13436 79631285 -54648084 -19220461 -1069216214
99 -7232 -32768 11454 554328616 -28683780 -72638637 -916264734
99 -4576 -32768 17506 894858273 7631068 -92193036 -586166947
99 -11626 -32768 5214 1047735380 32798608 -81556018 -217815697
99 -6454 -32768 17590 1027917129 59706054 -86793753 291905563
99 -9124 -32768 4582 832196635 56522167 -64900209 673024683
99 -7146 -32768 14674 416525343 61362000 -20645455 987540057
99 -7498 -32768 21930 -98188472 55713330 21081940 1067581766
99 -7544 -32768 8328 -518841750 33460461 33014503 938889779
99 -7224 -32768 8794 -893597924 -17062822 55396701 592488876
99 -9494 -32768 5766 -1053825449 -62679138 68577272 183686195
99 -8182 -32768 13088 -1011026427 -95516547 86372434 -337878958
99 -8088 -32768 7768 -793350626 -80174526 68696700 -715798859
99 -8532 -32768 22028 -356091768 -78072433 35314590 -1009344344
99 -6244 -32768 17114 173673475 -57385999 -5838410 -1058031445
99 -7154 -32768 13890 581379142 -25477169 -30316929 -901859423
99 -8242 -32768 1614 925894569 28715675 -33949989 -541906336
99 -9902 -32768 13454 1067497153 86632759 -68215289 -34798750
99 -7696 -32768 17944 976755511 110060066 -78429973 424975689
99 -9786 -32768 5922 665163655 71144135 -56858030 837963723
99 -8388 -32768 14672 239164934 69176499 -24683391 1044186317
99 -7330 -32768 16404 -303161539 46558449 29966889 1028565755
99 -6636 -32768 15462 -697858049 24615853 65419694 813036694
99 -13384 -32768 -3842 -991678245 -16135551 55953124 407557920
99 -9076 -32768 15070 -1067804330 -44605743 82974181 -61962547
99 -10952 -32768 6898 -894383077 -52957466 69565662 -587668982
99 -4804 -32768 22108 -474200352 -56450362 36458721 -961008925
99 -10084 -32768 17032 -34306410 -26396285 -6013775 -1072851339
99 -9880 -32768 7456 510670524 -17120880 -47383314 -943184472
99 -5844 -32768 12956 917346159 11533447 -81704040 -551894348
99 -12898 -32768 980 1063197468 43542896 -68490996 -126270430
99 -7346 -32768 18798 978586421 76062795 -74748138 428853758
99 -11026 -32768 1348 642185603 53866753 -37385941 858031500
99 -9952 -32768 9296 195980754 54849573 2908548 1054274304
99 -9624 -32768 15318 -362421708 41180584 48725045 1008712197
99 -8414 -32768 12072 -766884388 24725839 75138424 747362645
99 -9476 -32768 494 -1012122161 -9130503 64220668 352592077
99 -11694 -32768 10052 -1050586793 -45449879 71222405 -205057200
99 -9310 -32768 14012 -845394659 -69865853 54276027 -656049155
99 -8566 -32768 19590 -411831359 -59109989 16330803 -989724342
99 -9430 -32768 9846 136446022 -54940144 -12029182 -1063550215
99 -10410 -32768 12484 594441011 -48874553 -55680450 -891106264
99 -3686 -32768 16026 959920280 -25068359 -71198799 -475158541
99 -11280 -32768 2354 1071590032 8874296 -58412223 33522568
99 -7742 -32768 24944 907686713 68731962 -48842403 567375763
99 -7908 -32768 13682 589890685 58551324 -26871605 894873580
99 -8294 -32768 12454 88242944 54274689 8514207 1068697780
99 -10010 -32768 11790 -372243883 49023729 43032620 1005036942
99 -4570 -32768 20780 -815077640 32511578 75951626 694077119
99 -13900 -32768 -1344 -1022706005 -1859018 52696559 322819273
99 -8844 -32768 21258 -1045521071 -45974030 72640589 -228943640
99 -10654 -32768 6094 -845174048 -55867670 58389169 -657320422
99 -9098 -32768 14660 -405016326 -63560023 32482840 -991860289
99 -8382 -32768 12066 127296239 -49425971 581098 -1065022316
99 -9010 -32768 17034 558995605 -29316202 -38475343 -915480283
99 -9788 -32768 8408 934003679 2400613 -58333576 -526448950
99 -10638 -32768 11700 1068665149 28284230 -79351103 -61462871
99 -12758 -32768 5362 947329792 47250478 -71609595 498121793
99 -3838 -32768 32767 532622913 82760267 -59123351 926761868
99 -7278 -32768 12608 99955729 53600377 -31522564 1067268657
99 -10040 -32768 12584 -416676180 26513031 18685762 989064653
99 -10122 -32768 18198 -803138847 13224722 69863532 709106333
99 -9674 -32768 16352 -1049308226 -1932921 97328663 205901787
99 -11458 -32768 15438 -1032525858 -8208955 94881610 -278818817
99 -6928 -32768 11438 -726827664 -22018695 70469390 -786886383
99 -11972 -32768 12784 -254858185 -13650415 4576873 -1042957373
99 -9076 -32768 12114 223422066 -33624909 -34962743 -1049118326
99 -7480 -32768 21886 718213588 -33213088 -83249432 -793130228
99 -16920 -32768 -132 1014448121 -17811511 -76328334 -343032477
99 -9510 -32768 27228 1054857084 8919447 -93395793 177181761
99 -10856 -32768 6370 802670661 11920440 -66779918 709955911
99 -12612 -32768 8240 332874330 6329014 -14106138 1020723053
99 -12078 -32768 7444 -154185208 7693433 28715084 1062197074
99 -11274 -32768 17576 -701181005 14599190 87769874 808299103
99 -13454 -32768 -392 -1025041303 4502468 83042739 308696040
99 -12216 -32768 16894 -1047466924 -21281858 79981464 -221091965
99 -6132 -32768 11302 -754148855 -35691983 42880757 -762276932
99 -13412 -32768 7276 -354625997 -18036773 -13332675 -1013240939
99 -9634 -32768 12066 235875045 -44037440 -59738034 -1044880000
99 -9024 -32768 17478 752737417 -45396312 -95547941 -758363775
99 -15522 -32768 2308 1036983965 -31587763 -74478693 -266530998
99 -9734 -32768 22282 1039384688 -2266334 -65311147 261395930
99 -10938 -32768 11318 738776399 9240299 -10436004 779059773
99 -13774 -32768 12072 198639893 33039632 27111010 1054340653
99 -12736 -32768 5434 -343233114 47623211 56417033 1014721007
99 -7430 -32768 21552 -847734788 32018972 89169920 652141596
99 -15238 -32768 2934 -1053447699 16507504 70576075 194713392
99 -11290 -32768 20802 -979095241 -21966261 59240096 -436233329
99 -4252 -32768 32767 -561265553 -47458652 26011050 -913767386
99 -10118 -32768 2246 -85428080 -30946892 1286286 -1069888772
99 -12380 -32768 20890 513952836 -32582523 -71682338 -939452463
99 -12718 -32768 -12506 936356033 -17258609 -61523630 -521607241
99 -15764 -32768 9896 1071530310 15595282 -65097242 -16130519
99 -9840 -32768 -3348 900317023 31084097 -32145549 583394434
99 -18068 -32768 -5300 468851523 23424796 33954188 965088547
99 -8982 -32768 22764 -74948516 65956014 73328724 1066571155
99 -6860 -32768 6904 -639470707 59006079 84713206 856351921
99 -20398 -32768 -8906 -987242073 16834241 73165113 415493988
99 -4950 -32768 30292 -1062980024 -21925256 95896377 -115396109
99 -13704 -32768 7168 -904460360 -15546370 63918437 -574928926
99 -7888 -32768 6624 -441880153 -38456394 36256529 -977173259
99 -14254 -32768 18914 122068270 -32734847 -26658281 -1065943963
99 -6744 -32768 19014 608496741 -44906727 -63794433 -881229043
99 -12324 -32768 6394 966213538 1165885 -56722833 -464900562
99 -8400 -32768 28080 1061754384 35334307 -78025616 135128043
99 -14980 -32768 -3720 822797969 28691623 -43002955 687931591
99 -14218 -32768 12662 389002338 53527589 -24251881 999070918
99 -11856 -32768 1888 -216302075 50018276 7852920 1050508876
99 -6108 -32768 32767 -683359199 40384537 71795671 824108099
99 -10720 -32768 12788 -1013610830 19254376 62739051 348144553
99 -10790 -32768 21818 -1031740205 -30581340 81067780 -284470933
99 -6924 -32768 23428 -766728315 -47082925 73648868 -746596102
99 -15144 -32768 -6018 -304689873 -6404928 26862571 -1029233308
99 -9944 -32768 26780 304241436 -31086226 -51640881 -1027970278
99 -7134 -32768 9578 745516160 -19646548 -77523794 -768589203
99 -18448 -32768 6922 1036113585 1396306 -81823873 -269610831
99 -10366 -32768 6144 1010547446 2157332 -66181633 356831390
99 -12440 -32768 32767 716364120 21663071 -22839291 799217989
99 -7122 -32768 14128 134687319 56813597 13535262 1063657536
99 -8960 -32768 18700 -374569693 67513702 63517451 1002010095
99 -14526 -32768 -10508 -823387563 37991244 51912980 686159364
99 -12710 -32768 24186 -1061246086 20378277 84595205 138217653
99 -11318 -32768 9526 -1002996702 10631391 74394092 -375858201
99 -8470 -32768 32767 -631423013 -22062066 46528711 -866932688
99 -14362 -32768 1710 -62455781 -20752325 17774045 -1071574400
99 -8190 -32768 31570 476112342 -47231441 -55771042 -959632325
99 -12354 -32768 -10890 897249203 -7411187 -49299770 -587689137
99 -12648 -32768 22158 1069891671 24217716 -84799199 -21740216
99 -11020 -32768 -332 952050696 14110841 -70961719 491206903
99 -14138 -32768 6668 542710359 11640217 -18567598 926231215
99 -13170 -32768 3834 -77925029 40885952 27143197 1069783915
99 -4230 -32768 32767 -588843600 56950600 93761452 891149786
99 -20618 -32768 -23386 -948873995 25803456 35073638 500661140
99 -3454 -32768 32767 -1067958227 -44204086 95040203 -37381051
99 -12070 -32768 -4818 -915587459 -25149449 55922069 -557547995
99 -19878 -32768 -3774 -570322947 -34036167 36638781 -908377627
99 -9830 -32768 17172 28593862 -56892546 961578 -1071850795
99 -5308 -32768 32767 592831569 -63604602 -63831298 -890702077
99 -17830 -32768 -11742 954523024 -34667229 -27262832 -489754717
99 -10336 -32768 32767 1070646489 26045902 -66827899 38605475
99 -11964 -32768 -574 881806033 29894054 -52953732 609622486
99 -16064 -32768 6988 417341263 40246970 -21111148 988271027
99 -9270 -32768 17806 -208118281 57689124 20244934 1051602472
99 -5962 -32768 14582 -668152465 24673862 46152134 838900000
99 -18998 -32768 -32 -966503705 -11262308 48610596 465080375
99 -8572 -32768 23270 -1057106181 -51851359 81609822 -161545491
99 -9954 -32768 20804 -808959905 -44716562 46169859 -703115789
99 -12686 -32768 6406 -389448598 -43055121 17576073 -999542863
99 -10254 -32768 18254 228076887 -55163011 -40463815 -1047005042
99 -6816 -32768 15522 685160218 -36163713 -60127839 -823742687
99 -12166 -32768 13480 1013387134 -2187447 -71943531 -347540676
99 -13012 -32768 7074 1037819434 23628698 -75972057 263666413
99 -2890 -32768 32767 727028189 44301660 -53881259 787072997
99 -13130 -32768 11890 234176076 19597479 1965439 1047708442
99 -12052 -32768 5260 -297570305 31422613 37495934 1030522780
99 -7672 -32768 18816 -756380503 21816406 77587405 757833760
99 -15334 -32768 2746 -1041978658 -872887 73477968 248595699
99 -8308 -32768 19524 -1003783410 -35449334 76507957 -371790127
99 -9460 -32768 23358 -734730844 -32869078 31990045 -781656318
99 -12784 -32768 11306 -299457321 -36313082 7033336 -1030473746
99 -12912 -32768 5960 321362913 -39350059 -34140608 -1023196240
99 -8038 -32768 15862 830711598 -16080744 -59073742 -677561406
99 -11344 -32768 13422 1065520602 19456971 -72371574 -109397478
99 -8080 -32768 11136 949261785 52017093 -59885358 495509217
99 -17810 -32768 -2136 635627645 38414826 -20857098 864283681
99 -11298 -32768 18262 46459616 58010282 1744706 1071163882
99 -9074 -32768 24562 -566225316 54464546 46318569 909502913
99 -23116 -32768 -18694 -922173180 21732863 23593053 549078037
99 -9930 -32768 29272 -1066966068 -29865895 59557371 -100312054
99 -10986 -32768 8782 -880704701 -46551997 40344999 -611132647
99 -10922 -32768 18996 -398765141 -68133213 24801872 -994307643
99 -11046 -32768 9756 121593018 -63688573 -3410924 -1064925549
99 -8634 -32768 18718 666689487 -29115965 -29741026 -840661950
99 -10204 -32768 18810 1018490801 13756592 -53175123 -335525888
99 -14854 -32768 -4706 1029963524 39821421 -54606473 295848370
99 -11654 -32768 3508 696017392 51890223 -35077368 815203142
99 -11690 -32768 13282 230385353 66953684 -9898000 1046547148
99 -9082 -32768 23558 -361551567 74849961 42589615 1007364658
99 -17894 -32768 -6106 -820240089 48181309 32364006 690475862
99 -9698 -32768 27132 -1052442753 23393248 70271901 199493282
99 -12258 -32768 2498 -998823679 432776 51168478 -390707243
99 -12982 -32768 4814 -715029663 -15241378 21859131 -800588678
99 -13006 -32768 22290 -167655733 -38267749 -13202587 -1059798027
99 -12326 -32768 -108 371068611 -50064863 -35161573 -1005725411
99 -19286 -32768 -16264 850839568 -12104840 -35773631 -653884855
99 -11238 -32768 27900 1070226814 18665546 -73103542 -42897842
99 -15868 -32768 -5656 910906763 9617225 -30074637 567600464
99 -16136 -32768 9924 496295730 39209316 -4773213 951340433
99 -11270 -32768 14700 -153598098 62056200 26342673 1060556914
99 -10156 -32768 7376 -705590357 20523143 37590229 808225043
99 -13332 -32768 14660 -1009809772 -6311839 71952038 357749111
99 -16480 -32768 -14766 -1034301342 -17053235 60733542 -281354181
99 -8076 -32768 32767 -748231234 -53772202 57488522 -766075929
99 -11968 -32768 3934 -204694386 -40455789 29362251 -1052863065
99 -5958 -32768 32672 395158983 -39379921 -48003122 -996450537
99 -17094 -32768 -9854 832646981 12668335 -47884347 -676139882
99 -10218 -32768 28464 1050788539 38823486 -99176699 -193439569
99 -14280 -32768 -8130 989414341 19389541 -80536738 408798141
99 -14520 -32768 2668 608539053 32929199 -60983219 881927608
99 -10076 -32768 14638 47644003 50705973 -6943227 1071461641
99 -5572 -32768 32767 -443374512 66207360 51789880 974306501
99 -15848 -32768 1756 -856378327 42073170 48158988 644551214
99 -8404 -32768 32767 -1057182589 13651381 85529585 166680665
99 -15334 -32768 -10466 -992242035 35984167 35396333 -407218823
99 -13344 -32768 1402 -669503669 1167489 4664405 -839440577
99 -11916 -32768 18156 -92179710 -28599718 -55350078 -1067960809
99 -5494 -32768 15020 490934495 -25425510 -88918907 -950447273
99 -20086 -32768 -7858 858907102 -817839 -95987215 -637167903
99 -5832 -32768 23884 1064241508 11060236 -132593311 -51053342
99 -13142 -32768 15270 979487850 2533554 -105274194 427122390
99 -8856 -32768 11148 610487168 3894521 -75727977 880042634
99 -13150 -32768 11518 86093994 -1400674 -15265527 1070173984
99 -10084 -32768 29024 -430129589 22827997 47157323 982426768
99 -12692 -32768 21216 -891769677 19386920 77973172 592629571
99 -14700 -32768 11474 -1068149977 29223110 71294174 77697937
99 -14110 -32768 11040 -903776060 8350994 39787002 -578319325
99 -13922 -32768 3370 -434747844 -5501286 -22376192 -981520601
99 -13850 -32768 15914 107148659 -48577450 -79394637 -1064318274
99 -11304 -32768 -10998 602769952 -35841269 -64681247 -885505416
99 -17720 -32768 13460 990162680 -6907466 -86057826 -406254652
99 -6344 -32768 15686 1048984730 11377014 -78269034 215163026
99 -16144 -32768 12890 806983393 3778582 -5585802 708273833
99 -7882 -32768 17694 262547421 57123960 19689136 1039392425
99 -9688 -32768 13988 -256675414 68026123 54822652 1038943691
99 -14518 -32768 -5470 -742972887 35532297 41398697 773262512
99 -11078 -32768 18694 -1019946229 8859281 72589510 327536931
99 -11294 -32768 3430 -1037389106 -18494086 57809185 -270294989
99 -12008 -32768 9440 -799626951 -28977176 32757533 -715264572
99 -10744 -32768 14236 -279522831 -53837178 2388039 -1035317271
99 -7228 -32768 19592 314135597 -55847091 -42107523 -1024376116
99 -18508 -32768 -11904 720788218 -13579796 -33401131 -795037183
99 -10670 -32768 27526 1042085101 7272722 -79487958 -246182471
99 -16184 -32768 -2004 1003845811 6580102 -45977755 378225722
99 -12798 -32768 2830 601174133 33573818 -24898762 888685080
99 -11908 -32768 17938 5670680 55447112 28313515 1071919080
99 -8066 -32768 22034 -502594577 50240973 46594049 946373636
99 -9774 -32768 17050 -938927026 19202438 65598495 516393741
99 -13404 -32768 2628 -1071936512 -4740265 61956487 -3180200
99 -7932 -32768 27778 -885152356 -41434265 48284975 -604463576
99 -5230 -32768 26258 -495676766 -56798073 17532236 -950626410
99 -10492 -32768 4764 73914144 -64739173 -14406499 -1069138536
99 -8206 -32768 14640 541607271 -47764804 -46517581 -924735737
99 -13104 -32768 17540 934696408 -20234658 -75458160 -522646008
99 -8534 -32768 18346 1068999682 -12787095 -74587716 66573005
99 -12508 -32768 19994 911897864 2353745 -39393796 565511526
99 -9922 -32768 12066 449475711 29656648 -2898094 974680767
99 -9868 -32768 17038 -165528107 51071362 43548392 1058779714
99 -10842 -32768 4952 -636732281 29015512 56198157 862259493
99 -14508 -32768 12066 -971148105 12958088 81875714 450464016
99 -13232 -32768 550 -1055154711 -4624642 81477671 -181404151
99 -7668 -32768 13880 -785659931 -22137993 55411118 -729450334
99 -11572 -32768 5210 -366473283 -29656242 18734390 -1008655543
99 -8692 -32768 29252 227964576 -58564179 -47199916 -1046562965
99 -14564 -32768 -8564 717768787 -29843086 -32798616 -797346543
99 -12322 -32768 22172 1009674854 -3576480 -77684382 -356969700
99 -11576 -32768 1760 1043802209 6513650 -63225039 243632155
99 -13864 -32768 -98 759943974 10974905 -25540831 758044625
99 -10530 -32768 20574 215392255 54968974 27426235 1050119714
99 -7746 -32768 26116 -301304541 84524616 60666749 1025334101
99 -17962 -32768 -15558 -769113864 56582494 37924678 746152626
99 -7480 -32768 32767 -1025625892 14656203 85660478 305709797
99 -11050 -32768 12040 -1043553291 5788953 61298424 -245204479
99 -12000 -32768 7616 -765824127 -3871094 33951567 -751840998
99 -12882 -32768 10890 -328807429 -21506542 -5580940 -1021915400
99 -8318 -32768 25802 293699279 -51006445 -59409466 -1029819610
99 -13480 -32768 -11240 721652673 -19163031 -58706494 -792668627
99 -10744 -32768 27648 1033825601 2235482 -111712803 -267653108
99 -13178 -32768 -5584 1013019282 8535238 -115728388 336519315
99 -9840 -32768 -1732 714561299 7933463 -102305607 794854283
99 -10832 -32768 22130 256644238 14455716 -42453648 1041653590
99 -8988 -32768 21882 -318049827 46452910 14923251 1024394029
99 -11334 -32768 4002 -724585717 21357194 22715729 791785095
99 -11514 -32768 31382 -1033263256 -4147315 75180619 282163431
99 -10650 -32768 -5240 -1042293329 -11612067 84318133 -243514692
99 -15068 -32768 -6900 -794203252 -11695913 44224191 -721158234
99 -11630 -32768 17962 -408099441 -35605077 17225272 -992375901
99 -12600 -32768 8474 165573662 -57442839 -11347940 -1059281009
99 -9726 -32768 24002 705600963 -56593704 -39890168 -806382507
99 -17036 -32768 4572 1030936771 -36890987 -30992577 -296253693
99 -8894 -32768 18964 1009746012 17957572 -34241205 363092926
99 -11436 -32768 16790 653267223 35868659 8292255 851355336
99 -13254 -32768 1622 156627555 74621702 20046486 1059441261
99 -9576 -32768 19800 -463035657 90561189 52238840 963113211
99 -11956 -32768 8370 -849964960 70355639 49822884 650420628
99 -4652 -32768 32524 -1066962537 16473392 83243429 85494956
99 -8244 -32768 1676 -1007822837 7517644 36816136 -368512523
99 -12032 -32768 5578 -719352996 -9852967 -579296 -797090908
99 -10200 -32768 9058 -306263235 -42415854 -33817802 -1027706098
99 -7920 -32768 27302 253415425 -88377018 -88470004 -1035887539
99 -12318 -32768 940 654023799 -75958800 -62191103 -845893492
99 -10978 -32768 17962 995102081 -63325912 -68439509 -392424247
99 -6780 -32768 11290 1056795409 -15321835 -57711055 180383095
99 -7082 -32768 24880 896467120 7738591 -14287872 590764924
99 -10158 -32768 8976 505933154 34287895 6847701 946429538
99 -8586 -32768 19950 -43591570 78262602 52908678 1068688515
99 -5422 -32768 14230 -483006558 65875438 60274021 954805003
99 -12206 -32768 8532 -828498111 45833928 57313226 679061812
99 -5424 -32768 19422 -1058377210 -5839194 85645398 159337609
99 -3008 -32768 23340 -1011032460 -43306063 70129907 -352051473
99 -7648 -32768 5458 -816048763 -59460067 41846251 -694045030
99 -1864 -32768 23538 -446467429 -107787896 12135685 -970475230
99 -3918 -32768 21860 -50906447 -116148331 -23767158 -1065961685
99 -5920 -32768 12504 274071870 -98345341 -31689407 -1033019716
99 -4202 -32768 20786 644706361 -90280564 -54706616 -852133346
99 -6220 -32768 13762 924955175 -53321333 -66555579 -538614964
99 -4282 -32768 26328 1063962337 -9433462 -80793261 -119534072
99 -7010 -32768 4042 1045695894 2744400 -46391304 239335381
99 -5348 -32768 13698 864436570 38569966 -27305125 635166930
99 -4602 -32768 15308 540274155 72457334 5027057 925067260
99 -4078 -32768 18514 203350319 102097150 36963584 1048703722
99 -3612 -32768 19024 -139917558 110589474 60768803 1057081505
99 -5158 -32768 13088 -499019118 97790192 74594547 942748010
99 -5380 -32768 16856 -764156750 82682479 92149421 744081733
99 -4186 -32768 14508 -980843604 55399319 99813809 421704984
99 -5548 -32768 17026 -1064322094 25110530 97946264 99576726
99 -2492 -32768 12998 -1031290379 -6070602 82575604 -287238166
99 -4714 -32768 17302 -879869387 -35545906 47243839 -612581089
99 -3202 -32768 16444 -664161089 -59821453 28871838 -841070189
99 -4038 -32768 14252 -347623371 -84620510 233730 -1012382596
99 -3538 -32768 22074 -39098069 -107649692 -28562607 -1067233922
99 -2636 -32768 15420 309735531 -103432276 -48543091 -1021729179
99 -4882 -32662 16782 615456306 -84831577 -67185540 -873169220
99 -2942 -32768 19538 872450851 -60876768 -87343606 -616778596
99 -5246 -32768 12938 1013429584 -36642783 -84869924 -342543528
99 -5198 -32768 21562 1069470527 362165 -87306865 39131089
99 -3982 -32768 14426 981972523 24388823 -77829342 426613199
99 -3534 -32768 17612 768273640 43253180 -51825481 747074324
99 -4280 -32768 14740 513835896 51110898 -23063171 941142711
99 -5066 -32768 14762 152356386 64758320 14050927 1060809860
99 -4860 -32768 17326 -188739316 77508030 49536064 1053013389
99 -4934 -32768 17348 -504986125 68927820 73013726 942246313
99 -6484 -32768 12478 -815218842 59577259 87904328 690697173
99 -5432 -32768 15226 -1019236968 30037832 96834268 322176709
99 -3754 -32768 20322 -1068801026 -143722 95572426 -38094635
99 -5930 -32768 8592 -981526530 -15220948 64529104 -430268576
99 -4932 -32768 14592 -793496689 -37877571 38899138 -721343341
99 -4622 -32768 17238 -473802185 -62520699 1385003 -961520558
99 -5724 -32768 14782 -142919612 -81542730 -26551866 -1060726542
99 -6310 -32768 22458 280908462 -109285231 -60125820 -1028811394
99 -2324 -32768 20354 612978336 -109080682 -74400338 -871633287
99 -6814 -32768 11034 888390816 -82679720 -75034464 -592635352
99 -3786 -32768 21204 1049112864 -35850868 -81025988 -210790811
99 -4900 -32768 22536 1055055454 -1628181 -62115937 189520326
99 -6990 -32768 15706 905386101 25072033 -45929653 574855425
99 -4274 -32768 14670 656420338 53073226 -32329117 847449905
99 -6100 -32768 15772 281257694 73292793 4029903 1033647414
99 -3704 -32768 24658 -145784020 86916377 35795298 1059637781
99 -8554 -32768 4984 -482677342 65681590 41509676 955984515
99 -6988 -32768 16282 -788306573 53627543 71271333 723559263
99 -6756 -32768 11574 -1014424598 20916811 83081793 341355374
99 -2326 -32768 27896 -1064701122 -20499004 92590393 -101682088
99 -6056 -32768 10754 -977655597 -31592205 63323725 -438295082
99 -5974 -32768 14874 -786662893 -53657203 40398765 -727716558
99 -5036 -32768 14360 -460420058 -74029691 10892210 -967127373
99 -5858 -32768 19196 -57970492 -97219370 -22056852 -1067530915
99 -3060 -32768 14362 353251643 -92274695 -38754369 -1009018250
99 -5046 -32768 16896 700500414 -60971230 -58690642 -809356586
99 -4846 -32768 14060 929031492 -25635348 -82890247 -531312952
99 -3978 -32768 18438 1059643125 17709932 -98895979 -141362860
99 -4202 -32768 19280 1039697885 36500329 -93271422 248832476
99 -2600 -32768 15316 912767790 48041604 -86337455 556788933
99 -2892 -32768 18634 664876582 68964292 -56580605 838393021
99 -4594 -32768 12548 345865639 80945038 -27892813 1012900806
99 -4328 -32768 22138 29851000 91928854 6766221 1069361195
99 -5968 -32768 12000 -344769914 81102967 30522981 1013185807
99 -5690 -32768 18792 -652401526 74945612 55513136 847699633
99 -4932 -32768 13122 -928003182 45653983 70088589 533605091
99 -4304 -32768 18314 -1052613175 5561955 84725869 194208705
99 -4334 -32768 15528 -1052928604 -22851809 63397282 -199301537
99 -5106 -32768 19582 -942762495 -38287461 50075783 -510045544
99 -5170 -32768 13400 -731195666 -55427400 37213497 -783464656
99 -6652 -32768 9748 -378110080 -86269664 14514423 -1001149632
99 -5066 -32768 31918 60776408 -137295376 -27168572 -1062844687
99 -3382 -32768 6530 450029025 -111451864 -19086476 -968302266
99 -7372 -32768 10070 721797689 -84026260 -24244056 -790114509
99 -3146 -32768 19460 971841338 -26538633 -53568626 -452627350
99 -3618 -32768 18608 1069862154 24358171 -58734154 -65368259
99 -4456 -32768 7470 1026893201 52570182 -41573573 306463007
99 -3082 -32768 13818 889396481 90711613 -32258950 593823061
99 -2208 -32768 19604 642367267 129848667 -7518664 850510640
99 -2068 -32430 16904 395113244 147656759 7807750 987392207
99 -1178 -27036 20106 99329377 145976316 21923158 1058898177
99 -3656 -19928 9670 -138488925 120956893 18180631 1057724498
99 -2736 -26518 18080 -426761518 109191787 32204527 978690949
99 -1890 -27948 15758 -655978733 80681547 49874582 844758107
99 -3404 -30408 14528 -871556371 39701241 71193052 621824869
99 -2350 -32768 19708 -1001071483 -4278474 96327982 376138019
99 -1170 -31698 16642 -1065509300 -39826812 101914992 75089714
99 -244 -22754 15610 -1055774423 -57590146 90505171 -163566439
99 -900 -18010 15774 -990136131 -71847949 68185289 -403411114
99 -126 -13544 15970 -900352336 -81898124 54035587 -576766845
99 -192 -11538 16346 -777303243 -86873408 36186938 -734754837
99 -568 -10944 17964 -642056989 -88269722 18841899 -855884194
99 240 -9342 19820 -519683681 -86272021 13410269 -935536033
99 -16 -5846 15560 -381559892 -74121125 14245368 -1000818003
99 -262 -5386 16690 -248463058 -63154191 10746229 -1042633050
99 368 -4230 19102 -136626933 -55574768 8327905 -1063530289
99 -1448 -256 12108 -29096922 -40155741 14216608 -1072501876
99 -1528 -4746 18726 120933505 -46816886 4462751 -1065872808
99 418 -9154 21948 260450959 -48691250 -10963264 -1040478622
99 -1356 -3742 14176 400242921 -33854838 -6109723 -995762835
99 -1646 -4914 15778 520379139 -29164027 -7292747 -938734959
99 -384 -6084 16410 663473331 -19044974 -18204042 -843819015
99 288 -10808 19024 773398528 1961478 -31205961 -744176422
99 -574 -10582 15850 881379496 19016871 -36453030 -611883330
99 1148 -12978 16978 958718591 34027639 -41216170 -480544999
99 9460 -9320 17446 1022383166 53372060 -41039821 -321125073
99 10212 -4696 15088 1046517557 70509314 -17500816 -229008004
99 14390 -5812 19762 1054046260 86954322 4105697 -185283773
99 9946 -7528 18984 1047989449 95652349 34795955 -210426925
99 2328 -2906 17126 1027646373 89443496 60524210 -291892307
99 546 -1774 14990 1006280923 83782315 65725443 -359139108
99 -2930 -2268 20780 985249650 82352278 65107461 -413743583
99 -1222 -2122 12920 973139847 70514692 58876264 -444389025
99 2396 -1648 16982 969294328 76771660 52575108 -452473183
99 2078 -3504 18148 962693351 92273387 54540254 -463307674
99 2208 -3092 17616 958570773 90889730 42541408 -473278842
99 1706 -1752 17210 955538130 87834747 39154624 -480229487
99 1582 -1222 15666 948750293 95568498 54628585 -490588185
99 2530 -742 17642 946227390 95822503 47849865 -496088368
99 1724 -2192 20326 943153298 95401992 43743470 -502362748
99 1128 -1566 18212 938048704 91607993 55976377 -511332332
99 2186 -1316 15888 934570424 84857453 67219145 -517475050
99 2034 -2056 17826 932434253 77802891 65558717 -522624754
99 2376 -2160 16610 930417874 72137429 66631725 -526878058
99 2326 -2694 15436 930454030 68574587 61970660 -527857902
99 -1076 -3350 19914 926593692 71931474 61953192 -534165987
99 -1428 -2654 16642 929946175 58965093 57080291 -530458834
99 648 -808 16764 938287362 47858362 55021414 -516933799
99 898 648 15344 943865149 37421941 62576165 -506679295
99 132 1538 15076 948024533 30797047 69189591 -498432877
99 -1058 1556 16266 953932727 28509441 59639697 -488430317
99 3638 86 16516 960477978 33739110 55085524 -475637273
99 4538 -320 16800 962406273 43662701 56788139 -470706221
99 5754 -782 17634 960460068 50919100 47472422 -474964816
99 2906 -72 17294 950600695 58158020 46612075 -493684903
99 1606 124 18854 938509439 63750647 46682649 -515633711
99 -850 1372 16868 925967878 71092106 57155288 -535895680
99 1978 1122 15254 919176144 78963938 67257578 -545231911
99 1758 970 18840 916409438 88797485 68381670 -548228239
99 3138 112 18668 915187777 98379136 75462259 -547704146
99 2498 290 19358 913544883 103684692 83627385 -548282041
99 3986 -380 18272 912838313 102413412 91847715 -548382357
99 2744 -238 17656 909549963 100787492 102454233 -552254816
99 2052 -596 18794 907425222 95631099 103283483 -556496349

