99 -508 518 17476 1039788806 6564147 -11187820 -267567727

99 -510 544 17498 1039787431 6544861 -11185793 -267573626

99 -544 556 17504 1039787535 6523740 -11216582 -267572450

99 -438 576 17474 1039786883 6489903 -11258077 -267574063

99 -488 556 17526 1039788557 6406697 -11286233 -267568377

99 -446 528 17366 1039783135 6383226 -11319111 -267588617

99 -512 534 17480 1039774508 6340931 -11355560 -267621601

99 -486 534 17500 1039765058 6288503 -11372085 -267658848

99 -488 544 17548 1039757344 6263678 -11370187 -267689475

99 -506 568 17494 1039755528 6229156 -11412531 -267695533

99 -466 550 17478 1039752336 6160832 -11461245 -267707431

99 -448 488 17436 1039745650 6129349 -11496349 -267732614

99 -512 536 17390 1039739140 6104113 -11483352 -267759029

99 -460 564 17520 1039733908 6097489 -11504638 -267778582

99 -472 564 17444 1039728940 6049508 -11518532 -267798361

99 -494 564 17468 1039725193 6052214 -11520056 -267812783

99 -486 480 17514 1039725380 6023215 -11547049 -267811548

99 -554 528 17424 1039717759 5987228 -11595317 -267839855

99 -466 534 17510 1039714280 5966205 -11633989 -267852151

99 -502 530 17428 1039708377 5933760 -11668607 -267874279

99 -496 522 17508 1039704132 5927507 -11651913 -267891619

99 -496 534 17534 1039699023 5908860 -11704175 -267909582

99 -468 474 17512 1039699168 5884811 -11688382 -267910238

99 -436 560 17462 1039691946 5893389 -11679220 -267938472

99 -462 546 17534 1039691125 5883264 -11658028 -267942806

99 -508 538 17490 1039688728 5883139 -11673567 -267951432

99 -516 578 17436 1039685905 5856511 -11676535 -267962839

99 -430 548 17506 1039681818 5819701 -11700520 -267978453

99 -452 582 17548 1039676424 5827142 -11728526 -267997991

99 -562 552 17466 1039676097 5797913 -11700482 -268001119

99 -446 536 17490 1039671481 5778378 -11699707 -268019482

99 -466 530 17448 1039666983 5765793 -11716844 -268036453

99 -472 494 17474 1039661512 5744046 -11731544 -268057498

99 -504 568 17456 1039655921 5777134 -11741773 -268078020

99 -450 498 17512 1039652973 5764931 -11744703 -268089587

99 -448 520 17456 1039645818 5752537 -11814276 -268114545

99 -442 556 17498 1039641831 5771580 -11783836 -268130933

99 -478 562 17482 1039636448 5746317 -11757449 -268153507

99 -484 536 17498 1039632083 5735640 -11790984 -268169186

99 -412 538 17422 1039627109 5694798 -11799088 -268188982

99 -426 504 17504 1039621028 5706891 -11800111 -268212250

99 -482 590 17542 1039613539 5694929 -11804034 -268241358

99 -430 556 17520 1039607467 5690270 -11827874 -268263938

99 -478 478 17456 1039602788 5696775 -11816242 -268282445

99 -450 526 17504 1039597677 5696639 -11810327 -268302514

99 -452 538 17546 1039590635 5695720 -11781358 -268331090

99 -494 536 17506 1039582810 5685117 -11760602 -268362542

99 -466 510 17482 1039584163 5684468 -11787130 -268356147

99 -474 562 17442 1039578761 5714468 -11801337 -268375813

99 -388 542 17464 1039577024 5728588 -11816035 -268381595

99 -522 580 17464 1039573821 5721224 -11806454 -268394579

99 -442 522 17606 1039569573 5706086 -11791353 -268412020

99 -496 560 17500 1039564435 5693390 -11768722 -268433178

99 -466 500 17562 1039558924 5718758 -11783416 -268453339

99 -438 512 17496 1039556731 5702993 -11782248 -268462217

99 -544 534 17494 1039551089 5680378 -11767755 -268485178

99 -500 554 17438 1039544298 5652759 -11768507 -268512021

99 -488 524 17426 1039538753 5681687 -11787094 -268532061

99 -460 502 17498 1039528899 5685914 -11783975 -268570252

99 -442 536 17534 1039523630 5698294 -11781904 -268590476

99 -518 576 17460 1039516112 5724170 -11789127 -268618704

99 -452 552 17614 1039512931 5706374 -11793435 -268631203

99 -538 486 17432 1039511406 5708708 -11789979 -268637204

99 -508 464 17524 1039505747 5672201 -11759763 -268661200

99 -456 530 17544 1039501643 5729561 -11757289 -268675971

99 -492 598 17516 1039491892 5739678 -11775913 -268712663

99 -558 506 17478 1039492588 5734619 -11768932 -268710385

99 -544 542 17514 1039486529 5705415 -11779958 -268733959

99 -540 586 17506 1039478366 5696853 -11793636 -268765114

99 -520 520 17416 1039475699 5691467 -11831871 -268773862

99 -488 530 17568 1039466247 5699010 -11876024 -268808311

99 -486 544 17458 1039465749 5644204 -11867847 -268811752

99 -476 488 17540 1039460783 5621023 -11900531 -268829996

99 -530 502 17544 1039456590 5643598 -11921392 -268844809

99 -466 538 17508 1039454705 5675815 -11938410 -268850665

99 -476 516 17496 1039446519 5657762 -11895212 -268884606

99 -488 578 17528 1039441894 5723252 -11910565 -268900419

99 -386 518 17492 1039438244 5739439 -11893499 -268914941

99 -508 566 17470 1039433327 5747013 -11909013 -268933095

99 -458 560 17370 1039427254 5723512 -11940170 -268955688

99 -530 538 17410 1039420707 5737236 -11927624 -268981253

99 -512 558 17424 1039421353 5748509 -11947543 -268977629

99 -520 520 17384 1039415173 5741740 -11907534 -269003429

99 -488 562 17472 1039415613 5751530 -11879288 -269002771

99 -522 512 17496 1039411880 5742567 -11885623 -269017104

99 -482 564 17530 1039405146 5737545 -11906631 -269042302

99 -470 562 17496 1039401336 5772421 -11897238 -269056688

99 -470 528 17448 1039402013 5772071 -11859658 -269055741

99 -510 594 17434 1039394809 5772268 -11846513 -269084142

99 -508 536 17408 1039388078 5748853 -11855357 -269110255

99 -492 556 17598 1039385832 5687601 -11881983 -269119055

99 -462 570 17550 1039378202 5674622 -11859949 -269149769

99 -460 500 17518 1039370248 5672412 -11894346 -269179011

99 -456 556 17468 1039363012 5683236 -11880347 -269207340

99 -452 532 17516 1039357570 5664368 -11864409 -269229450

99 -478 544 17448 1039358048 5707305 -11856741 -269227035

99 -520 532 17514 1039359962 5722643 -11838761 -269220113

99 -444 546 17490 1039359831 5735701 -11767431 -269223467

99 -498 570 17444 1039365643 5740201 -11718583 -269203064

99 -484 622 17484 1039367483 5748861 -11662264 -269198218

99 -466 526 17514 1039372792 5731108 -11644074 -269178888

99 -508 482 17446 1039375563 5744331 -11598753 -269169864

99 -546 506 17568 1039376880 5756783 -11584558 -269165123

99 -470 522 17416 1039376112 5755160 -11588224 -269167966

99 -450 598 17566 1039377390 5780085 -11545681 -269164325

99 -376 544 17372 1039376944 5776005 -11514239 -269167482

99 -462 554 17554 1039377699 5776606 -11502476 -269165053

99 -458 530 17584 1039379632 5787247 -11466845 -269158883

99 -448 526 17530 1039379361 5792536 -11411118 -269162184

99 -466 510 17494 1039380727 5796544 -11369254 -269158594

99 -480 566 17506 1039380325 5795743 -11336424 -269161548

99 -462 534 17490 1039381364 5775513 -11312051 -269158996

99 -456 582 17434 1039375430 5757873 -11342948 -269180987

99 -460 554 17496 1039376637 5784527 -11295266 -269177759

99 -474 484 17432 1039375260 5783477 -11286092 -269183483

99 -502 494 17536 1039369442 5771415 -11262606 -269207190

99 -446 520 17518 1039372742 5779166 -11280477 -269193537

99 -490 504 17572 1039370715 5792481 -11254910 -269202146

99 -462 564 17524 1039367272 5797802 -11255732 -269215291

99 -512 534 17518 1039363060 5799822 -11238700 -269232217

99 -504 546 17522 1039360908 5839526 -11212022 -269240780

99 -496 526 17440 1039361265 5837233 -11205979 -269239702

99 -504 502 17462 1039360298 5839155 -11228737 -269242448

99 -478 522 17526 1039358910 5844041 -11208746 -269248533

99 -492 512 17460 1039356255 5880815 -11190330 -269258747

99 -478 524 17444 1039355069 5863063 -11173112 -269264427

99 -516 546 17534 1039357101 5854614 -11191091 -269256017

99 -424 550 17518 1039358818 5832069 -11213478 -269248950

99 -528 502 17554 1039355036 5885280 -11187005 -269263493

99 -444 5285 5918525 -11027223 -269271096

99 -438 528 17524 1039354640 5896820 -11028739 -269271295

99 -526 552 17434 1039353749 5904930 -11036748 -269274231

99 -512 562 17534 1039355726 5883941 -11065878 -269265862

99 -440 524 17352 1039355527 5862894 -11053754 -269267589

99 -498 508 17446 1039353897 5858807 -11078193 -269272965

99 -434 522 17518 1039356225 5845533 -11104358 -269263190

99 -424 454 17468 1039354137 5853594 -11126626 -269270154

99 -502 498 17454 1039356854 5848912 -11108749 -269260507

99 -602 548 17518 1039357165 5857547 -11091974 -269259811

99 -478 590 17522 1039354677 5857843 -11096646 -269269215

99 -512 546 17454 1039353581 5815392 -11110895 -269273778

99 -476 500 17518 1039350371 5824204 -11107496 -269286118

99 -488 518 17556 1039351306 5806711 -11052496 -269285148

99 -512 558 17460 1039352909 5818804 -11083697 -269277417

99 -474 544 17488 1039357842 5809149 -11049070 -269260008

99 -558 552 17552 1039364495 5795243 -11010643 -269236201

99 -480 550 17412 1039365863 5786396 -11001880 -269231467

99 -496 486 17486 1039370941 5805659 -11006937 -269211243

99 -496 552 17564 1039367730 5780046 -11030780 -269223213

99 -474 482 17486 1039369508 5771245 -11032429 -269216469

99 -496 534 17522 1039372651 5810516 -11022781 -269203888

99 -448 552 17518 1039370471 5829625 -11055924 -269210530

99 -496 564 17550 1039370833 5852166 -11041458 -269209238

99 -460 522 17454 1039365906 5849466 -11057965 -269227640

99 -504 502 17492 1039367066 5848945 -11053742 -269223347

99 -454 554 17518 1039365222 5831708 -11049809 -269231004

99 -486 562 17444 1039362013 5833499 -11048515 -269243406

99 -460 498 17522 1039361520 5827755 -11067508 -269244653

99 -500 572 17454 1039359666 5798676 -11079680 -269251937

99 -526 546 17562 1039362321 5826270 -11053819 -269242155

99 -506 582 17582 1039368777 5782248 -11099813 -269216288

99 -440 486 17566 1039369820 5795388 -11100967 -269211932

99 -416 540 17406 1039370740 5843203 -11088769 -269207846

99 -496 520 17510 1039374983 5823531 -11076531 -269192394

99 -500 510 17582 1039375711 5835551 -11089679 -269188783

99 -488 564 17504 1039375920 5883414 -11073909 -269187585

99 -452 584 17464 1039375559 5873312 -11071283 -269189307

99 -512 516 17464 1039374105 5872068 -11036443 -269196378

99 -478 472 17514 1039376047 5881618 -11018963 -269189388

99 -482 520 17488 1039372377 5880802 -11048728 -269202353

99 -498 528 17598 1039373158 5883429 -11078806 -269198047

99 -454 514 17454 1039372133 5878876 -11081740 -269201982

99 -434 504 17396 1039372313 5889006 -11082986 -269201015

99 -468 544 17512 1039364994 5898661 -11056155 -269230164

99 -424 536 17478 1039364794 5920715 -11033155 -269231394

99 -414 536 17520 1039367278 5911865 -11019061 -269222575

99 -456 536 17508 1039373703 5885009 -11009816 -269198737

99 -500 510 17458 1039375800 5890827 -10978770 -269191781

99 -512 534 17502 1039375178 5891301 -10990669 -269193688

99 -428 554 17546 1039375864 5895354 -10960123 -269192196

99 -468 514 17570 1039377496 5888699 -10956386 -269186191

99 -474 510 17546 1039375112 5887668 -10944978 -269195883

99 -452 532 17440 1039377520 5904296 -10944981 -269186221

99 -484 538 17498 1039380089 5919022 -10936173 -269176336

99 -462 430 17478 1039376728 5921552 -10933872 -269189353

99 -476 522 17552 1039371993 5896694 -10961441 -269207059

99 -538 548 17422 1039377092 5929839 -10947155 -269187225

99 -472 546 17504 1039377610 5889982 -10971728 -269185100

99 -436 546 17504 1039383812 5886913 -10969284 -269161318

99 -498 586 17426 1039383384 5880817 -10958520 -269163540

99 -492 568 17468 1039388213 5868028 -10958317 -269145182

99 -470 482 17496 1039397199 5876135 -10929124 -269111488

99 -446 524 17536 1039393333 5848166 -10947039 -269126297

99 -470 550 17490 1039394157 5845996 -10983211 -269121691

99 -488 608 17392 1039396345 5872626 -11003015 -269111850

99 -474 566 17572 1039396055 5910073 -10973341 -269113362

99 -548 552 17514 1039394868 5908008 -10992409 -269117214

99 -470 558 17584 1039393693 5901659 -11013580 -269121026

99 -494 576 17550 1039395720 5892207 -10989505 -269114387

99 -476 556 17484 1039398887 5900503 -11002940 -269101426

99 -414 544 17498 1039402163 5912216 -10975678 -269089626

99 -526 576 17480 1039403339 5935480 -10953756 -269085467

99 -506 548 17460 1039405930 5941114 -10950479 -269075469

99 -470 512 17474 1039408421 5974111 -10947319 -269065244

99 -442 508 17634 1039411185 5988731 -10962009 -269053640

99 -498 576 17484 1039410797 5994439 -10966273 -269054838

99 -456 520 17464 1039408704 5983009 -10995484 -269061989

99 -508 520 17478 1039409298 6001709 -10967731 -269060410

99 -424 464 17544 1039406051 5990503 -10980363 -269072686

99 -434 548 17560 1039401235 5989022 -10985669 -269091108

99 -518 490 17488 1039407885 5981201 -10945979 -269067210

99 -424 550 17544 1039407525 6006498 -10979706 -269066664

99 -484 564 17576 1039408602 5999625 -10983951 -269062482

99 -486 490 17466 1039407761 5997034 -10969428 -269066383

99 -510 546 17372 1039410468 5974414 -10971949 -269056326

99 -480 576 17458 1039412070 5958226 -10979572 -269050184

99 -458 574 17514 1039413835 5982715 -10975968 -269042968

99 -504 542 17554 1039417530 5950113 -11005698 -269028203

99 -510 474 17560 1039416577 5940916 -11011737 -269031838

99 -466 530 17454 1039420368 5940646 -11033349 -269016312

99 -470 560 17572 1039422495 5928770 -11060278 -269007250

99 -414 540 17466 1039418676 5913841 -11065314 -269022128

99 -486 544 17470 1039424755 5927055 -11063147 -268998437

99 -488 522 17580 1039423617 5942607 -11033067 -269003729

99 -394 552 17462 1039422020 5930320 -11030462 -269010276

99 -526 500 17528 1039426239 5928124 -11021116 -268994405

99 -488 536 17464 1039433528 5936411 -11030246 -268965680

99 -412 528 17494 1039434534 5925179 -11059234 -268960852

99 -428 492 17512 1039439995 5926431 -11028346 -268940988

99 -468 520 17554 1039438271 5920428 -10986013 -268949515

99 -470 528 17496 1039438738 5934409 -11017190 -268946127

99 -488 506 17528 1039435294 5986558 -11039918 -268957351

99 -492 546 17486 1039435277 5961802 -11002907 -268959480

99 -508 532 17530 1039431082 5943190 -11027574 -268975093

99 -454 528 17516 1039418945 5995392 -11001700 -269021893

99 -544 582 17492 1039409725 5932318 -11030859 -269057719

99 -498 578 17472 1039410267 5947763 -11061759 -269054016

99 -514 538 17562 1039413402 5950598 -11036083 -269042895

99 -388 550 17476 1039415143 5900661 -11065006 -269036079

99 -456 632 17532 1039413929 5829674 -11033955 -269043595

99 -490 556 17472 1039429255 5780505 -11039511 -268985211

99 -576 572 17520 1039473992 5636431 -10952862 -268818878

99 -398 352 17510 1039518632 5832532 -10976595 -268641052

99 -528 770 17532 1039504502 5547566 -10963853 -268702277

99 -476 308 17556 1039583353 5504264 -10907927 -268400221

99 -526 664 17486 1039557740 5949886 -10928941 -268489043

99 -432 640 17536 1039557247 5603894 -10892645 -268499873

99 -432 392 17490 1039571153 5789622 -10944402 -268439980

99 -516 658 17548 1039546906 5680736 -10970052 -268535142

99 -454 436 17558 1039565936 5672405 -10927697 -268463366

99 -488 598 17440 1039552178 5694537 -10948664 -268515311

99 -92 -192 17536 1039546367 6293069 -11107093 -268517944

99 -578 1050 17442 1039477630 5289803 -10942833 -268812268

99 -400 -686 17606 1039614279 5403821 -10901959 -268282693

99 -634 1666 17334 1039446079 6473226 -10927608 -268908977

99 -420 314 17602 1039512474 5377353 -10951411 -268675406

99 -584 594 17360 1039450806 6470438 -11009200 -268887445

99 -450 420 17504 1039459331 5649608 -10963749 -268874844

99 -656 712 17506 1039439160 6233780 -10910708 -268942067

99 -428 386 17472 1039447504 5889559 -10870031 -268919221

99 -540 622 17552 1039437073 5862790 -10862737 -268960412

99 -540 552 17430 1039440131 5962810 -10860851 -268946474

99 -556 500 17538 1039445771 5885412 -10851916 -268926739

99 -472 574 17378 1039459103 5948341 -10857564 -268873591

99 -594 590 17470 1039469722 5960231 -10885797 -268831130

99 -442 412 17514 1039486029 5872117 -10922719 -268768512

99 -660 848 17480 1039453967 6111558 -10865738 -268889458

99 -454 578 17526 1039454676 5858370 -10856714 -268892714

99 -492 654 17438 1039462898 5818247 -10919410 -268859261

99 -470 816 17488 1039495965 5600304 -10830795 -268739605

99 -208 -80 17558 1039600646 5404196 -10941168 -268333913

99 -418 592 17420 1039532259 6166241 -10983381 -268580584

99 -408 664 17470 1039544999 5401090 -10892008 -268551472

99 -372 304 17466 1039575716 5833390 -10942881 -268421425

99 -508 844 17518 1039525987 5826787 -10933303 -268614482

99 -422 402 17476 1039560180 5762279 -10922976 -268483932

99 -570 600 17494 1039534679 5796409 -10957539 -268580508

99 -388 440 17528 1039547608 5645806 -10991708 -268532275

99 -512 596 17458 1039542132 5753348 -10973491 -268551936

99 -528 544 17542 1039550739 5595511 -10962428 -268522401

99 -528 496 17512 1039550281 5847722 -10990805 -268517643

99 -484 576 17506 1039539833 5681513 -10936778 -268563862

99 -502 478 17610 1039547023 5779279 -10930505 -268534198

99 -494 552 17488 1039543345 5793257 -10936525 -268547890

99 -430 594 17518 1039560702 5871953 -10838545 -268482956

99 -1170 -144 18442 1041285121 9310692 -12945500 -261519651

99 66 398 17206 1041190612 6333394 -10188061 -262106286
1

99 -594 884 17504 1040697193 4874928 -7587161 -264177078


99 744 552 17392 1043732033 -7918741 -1481792 -251952469


99 -2970 2044 19894 1043425031 -23027262 -19082580 -251577644
99 362 1460 15452 1045711409 -18545094 -13691633 -242647423

99 -4568 2108 17994 1041783412 -25916216 -80892251 -245751131
99 -4026 1368 15950 1032511655 -69558597 -134433413 -252844704
99 -7334 3324 14738 1018959412 -105788604 -199772659 -252077126
99 -11346 3422 13226 990934915 -135808028 -306595604 -241919018
99 -13072 2138 11278 935053140 -183423746 -440716297 -225215461
99 -13200 2608 7210 873503065 -217910445 -547919083 -205459526
99 -15930 2832 4178 804161231 -235702156 -644214097 -188888618
99 -16110 2318 1774 752394525 -246744402 -705885422 -166333863
99 -15676 2912 -680 704943102 -252614117 -753883809 -154343899
99 -14452 1510 -2812 644727948 -270898643 -801173303 -148265451
99 -15168 1896 -4532 599790996 -274876820 -834368270 -146439714
99 -14290 1626 -6966 558730829 -277874057 -861694586 -144947630
99 -14716 714 -6428 508833731 -272921712 -894001018 -142427734
99 -10398 768 -9640 460125557 -261779556 -926155232 -122122594
99 -12676 136 -9336 420308572 -248893691 -950267044 -106332905
99 -11136 792 -10464 386234903 -246625120 -964462965 -112833265
99 -10100 1230 -12124 367659346 -251970250 -970436683 -111855931
99 -10446 -520 -11308 340933687 -251652076 -979649394 -116807651
99 -10900 -680 -8994 372719303 -246635297 -967322590 -132135779
99 -15306 -262 -9786 456020222 -235519426 -929807826 -157971738
99 -11392 630 -6310 536341156 -231649634 -887592316 -154201135
99 -16210 -660 -202 660489641 -223348821 -794217228 -189761007
99 -15736 1082 1306 762223367 -208906365 -694483766 -214446887
99 -14518 1318 7272 865126834 -173023022 -569028858 -225269292
99 -12408 2658 11854 955338591 -129363076 -408471858 -238045373
99 -7640 1210 16744 1011598172 -90285873 -234427097 -257843043
99 -4118 1510 17930 1032235544 -52608893 -105093753 -271291156
99 -528 1872 17036 1036970602 -25520706 -2154404 -277412195

99 1226 4176 18468 1019881436 -7878837 159965109 -295148164

99 8188 3300 13890 985026414 10645389 311294179 -292621048

99 10960 3010 14228 949093449 46072927 413755720 -280760780

99 12618 2460 9366 894198863 87476717 523434681 -267757085

99 15224 2362 5516 821341998 142982349 627013455 -254418946

99 17172 888 2772 751494544 192450334 703104634 -238294346

99 16194 1308 -534 694407113 220412663 756524375 -223180181

99 16476 374 -2738 656568703 246721267 786081772 -207468327

99 15150 494 -292 660697653 247970396 782816762 -205204082

99 15304 1708 442 723667981 219111378 731287621 -215487294

99 16940 1188 6236 811299015 165422010 644834651 -227022558

99 13038 2298 9604 870296145 105957003 572091666 -238726540

99 13202 2330 9806 934867309 52364983 470439445 -234284557

99 10296 3110 15302 978601958 161329 375252782 -233334593

99 6526 3498 14152 1019779499 -62821934 220603619 -245680066

99 -2604 6434 19056 1027916340 -155724878 -49304797 -263871709
99 -6794 4968 15570 1006735056 -195791921 -170053599 -268613711
99 -9918 4714 13726 964366034 -225412812 -321718903 -261926828
99 -12998 3096 11814 897085796 -249783403 -471217747 -252429527
99 -14854 -4338 4940 816750244 -259271219 -611443648 -211555283
99 -14852 2586 -2266 729213772 -255813645 -717384965 -202699208
99 -15936 2084 -3008 638780313 -262585775 -802408646 -179081807
99 -14122 -84 -5052 571581834 -276841602 -849531440 -166945416
99 -13482 1278 -7924 497702560 -292911417 -890944855 -160105700
99 -11660 1028 -10940 419412484 -291720390 -934748053 -134758918
99 -10004 132 -11104 380213943 -286597202 -954182532 -125525308
99 -11346 958 -11032 372460567 -288444091 -956974965 -123262146
99 -11774 -1242 -5112 407245515 -291007736 -941135614 -129038140
99 -15850 624 -2782 596290305 -251292323 -831534497 -206789514

99 -18514 804 6342 803275272 -197571507 -627886013 -272754348

99 -15082 3190 11776 917429961 -178888370 -432435160 -303714558
99 -8086 3166 12976 975550989 -179315934 -256233405 -321577379
99 -7206 3490 17804 991818207 -158653020 -187365106 -330063154
99 -2286 2648 17642 1007733516 -110638503 -73503305 -346050639
99 2136 4838 15598 1006449021 -87531675 59728674 -358821076

99 3760 6498 16142 992001210 -73690099 162680778 -370080850

99 6572 3952 14776 974929939 -53385871 261135186 -362479628

99 8984 6140 10838 941560939 -35463240 364514447 -363670287

99 12852 6394 13534 904848783 -18090016 445883923 -367464910

99 11928 7398 7760 852641577 -1413909 537323807 -370411897


99 13700 6352 7534 815453526 7425338 591879798 -370918078


99 14544 7510 6054 785577646 17049511 629385505 -373326221


99 14666 7398 5140 766087056 24005446 654085703 -370982153


99 14860 6044 4668 764567035 23147060 654355139 -373687462


99 10626 9094 5268 807432458 -1348557 593986283 -384906224


99 10326 6168 13036 913401938 -37052124 411188123 -384928377

99 1140 1318 18970 993395497 -51788633 143038794 -378080246

99 -3888 5772 20320 1001920281 -118304996 2991748 -367521744

99 -4178 3348 19816 1000555076 -121411614 -39320212 -368136099
99 -4104 2558 13774 995537234 -125625385 -74611502 -374804624
99 -5664 2184 17692 978511638 -157998661 -177450408 -372805917
99 -10548 2040 15086 942184653 -190175902 -320724952 -355215703
99 -15526 2366 8038 880868787 -227105892 -466985680 -327626270
99 -17108 1044 5950 816732878 -259604547 -567603414 -310323627
99 -16792 -440 4080 731970909 -298017243 -674305206 -271363787
99 -17256 356 -3636 637397869 -320011884 -773372450 -214785712
99 -14124 1142 -5184 543180659 -339858921 -841562508 -184782940
99 -13314 222 -8082 472489243 -357086327 -877048047 -181525480
99 -12436 -2010 -7614 422981132 -361151624 -892905260 -215170093
99 -15426 -1812 -4494 483338981 -336972276 -831320066 -338617126
99 -15208 -2682 -1170 570949450 -312988418 -724893336 -451116536
99 -14068 -2694 3900 630941001 -308878302 -623883968 -519805674
99 -16102 -2342 8572 673176342 -308481282 -530615205 -568367771
99 -15730 -1318 8716 702528931 -283560052 -460812126 -605491937
99 -12574 -770 12070 730276714 -241939848 -352686489 -660828854
99 -10042 -1766 16718 749553630 -211137918 -222078900 -705118852
99 -7592 732 14960 750246681 -144904340 -102783652 -747321668

99 -958 2686 15618 746240417 -88027433 -41464271 -765884215


99 -898 1956 20130 727716813 -20187596 79259302 -785277127


99 4312 3942 15428 707822356 39927179 161959384 -789989870


99 6380 4524 16174 690646302 70488317 212953520 -790955995


99 4930 5216 13300 681625131 91027990 246203339 -787023829


99 5646 4700 15942 701525625 75221750 233647122 -774941297


99 3316 4842 17526 759530610 22101242 168651736 -739664034


99 2002 3526 17340 828369456 -47952535 96998228 -674549811


99 -822 3744 19272 884751694 -110865758 30805849 -597407503


99 -3548 2590 17260 931751298 -155088152 -16148440 -510340980

99 -3588 4124 15482 959049431 -204683686 -72606842 -431252275

99 -6996 6076 15436 943292565 -267406782 -238259708 -367214578

99 -12912 4624 8696 917689953 -307316250 -358006435 -296908687

99 -13160 4326 9476 886597070 -328163787 -467605513 -201297666

99 -14250 7042 9024 864810182 -349962124 -503359174 -170824206

99 -15032 7302 4996 832208886 -354931684 -555608663 -160226049

99 -16460 6172 1844 745530219 -357585957 -668105366 -151240528

99 -15226 5658 -2282 638466834 -341966131 -777122205 -156274914
99 -14408 3756 -6024 553769062 -339704176 -844962244 -130004653
99 -12018 3174 -7520 481320201 -330740620 -894536486 -108016149
99 -13100 2058 -7640 468203346 -325072193 -904000689 -104009405
99 -16688 1368 -3544 567675355 -301193197 -843834374 -167010119
99 -16248 430 4510 739311007 -247010815 -680461392 -286877413

99 -13564 1026 10752 876286319 -214602847 -484393778 -323035660
99 -8374 4138 17092 987191824 -175248462 -217865342 -316538208
99 316 5112 15802 1026968578 -133194773 -18901422 -283123518

99 4008 5286 16856 1024794963 -93828910 134906431 -275160269

99 7932 954 19434 1000378840 -56030916 262193988 -283334651

99 12286 6230 12818 947793426 -29686236 400144894 -305960647

99 12134 5870 9798 898043162 2065624 510443772 -293057789


99 14672 5242 7426 849824075 34265328 591599778 -282056970


99 15196 4504 5900 803186401 64482620 657119322 -268047194


99 15252 3832 2324 754359456 85315082 714185103 -257923033


99 15076 5124 754 739263379 82882511 727570246 -264921095


99 15160 4140 4462 807421107 64933304 653397837 -264286929


99 11622 3296 11604 903938724 31263216 515885102 -262109634

99 13874 1510 10954 942876214 19519371 450074217 -246897026

99 7564 3022 16936 997037142 -2496718 303119264 -258748748

99 5832 3096 13914 1028294253 -46483419 150863935 -265728783

99 -4930 4712 14164 1024322142 -115098923 -108341455 -280535159
99 -11390 4262 14982 973605964 -174124661 -334621901 -250443004
99 -13876 1094 12364 884226735 -222256549 -526804521 -210103795
99 -13870 2266 4992 799446505 -248356172 -640368438 -205071359
99 -14594 2906 78 716553392 -266896583 -728865315 -192339024

99 -14344 2840 -2450 611903462 -291084861 -814853091 -172567963
99 -13990 2296 -6610 545216301 -299182337 -861565331 -154453231
99 -12954 2272 -9246 500307910 -299510840 -890316913 -142276327
99 -13102 1114 -9340 461702274 -307672978 -909679654 -132562369
99 -11144 40 -6284 439127243 -310379477 -920875143 -125468405

99 -17364 1332 -5330 590815765 -272800524 -834823948 -180297092
99 -16872 710 4740 753202024 -232152389 -681617776 -259057234

99 -13920 1866 11190 896057564 -187465902 -467402684 -310473173
99 -10514 2844 16764 994571227 -143622939 -206444298 -317021438
99 2266 3032 17266 1022857128 -78261258 85935097 -305246017
8
99 10296 5102 16450 995337562 -33039485 261108817 -304885560

99 10428 3178 14162 947047800 15138515 400409507 -308974131

99 12786 4016 11634 887338375 46301407 515443392 -312612220

99 14934 3130 7346 825681753 88569108 609879029 -302281703

99 13136 3608 4330 783196827 107379322 663932424 -295275554

99 15048 3680 4376 787461933 104310287 658955655 -296179031

99 14438 4644 7042 872846230 51954854 549745856 -293498089

99 10486 5658 14484 951911225 -5348578 402429717 -291218508

99 4692 4414 17972 1013087938 -49510238 203536259 -287569229

99 840 3592 17008 1033342241 -63105243 47755942 -280824503


99 -3252 2544 19040 1031719067 -77443953 -91230951 -272317126

99 -3718 1826 17372 1029458570 -68581104 -129334628 -267779283
99 -2800 1670 16286 1031349158 -63760547 -118051473 -266906089
99 -4494 1348 17318 1031335713 -58699556 -125388572 -264764459
99 -3456 1244 16814 1032354849 -57838645 -112970080 -266565981
99 -3780 1626 16732 1033522967 -55917574 -104471449 -265914876
99 -3604 2418 17308 1033972751 -54974027 -100364056 -265945049
99 -2804 1236 17818 1034641476 -50401410 -97566614 -265290361
99 -3368 1640 17098 1035320804 -47948084 -88259366 -266352404
99 -2452 1644 16584 1035616496 -45695280 -82802971 -267349188
99 -2386 1508 15822 1036082690 -43469812 -82251289 -266081315
99 -1792 1510 16754 1036435236 -38850387 -71749165 -268451505
99 -2760 1238 17172 1036361307 -35294288 -67852561 -270235250
99 -1514 1274 18324 1037662137 -30055176 -50530889 -269670374
99 -1694 464 17800 1039311889 -22981295 -58441108 -262314311
99 -1620 1290 17618 1039756563 -23658155 -42670243 -263528626
99 -2660 1946 17868 1040817458 -23578655 -35263406 -260424774
99 -990 1224 16962 1040803928 -21707557 -26637888 -261663704
99 -664 866 17826 1040251799 -21058047 -29487293 -263599615
99 -1824 1754 17600 1039690705 -16030014 -35063204 -265477596
99 -1328 1296 17300 1040447248 -17248034 -27879112 -263279868
99 -696 706 17772 1040314549 -9844764 -18284814 -265020547

99 114 750 17684 1039282205 542500 -10326182 -269642501


99 -686 -46 18708 1039059147 13098272 -17909947 -269787438

99 -270 100 17444 1038233090 8215800 -20096262 -272987541

99 -194 468 17138 1038203643 4299448 -17027106 -273397682

99 -528 524 17628 1038212437 4146023 -16444134 -273402344

99 -454 558 17448 1038209259 4247508 -16216707 -273426436

99 -528 470 17524 1038209156 4362641 -16009814 -273437205

99 -534 568 17510 1038208289 4459588 -15748507 -273454107

99 -438 512 17452 1038210125 4568544 -15511239 -273458904

99 -446 542 17448 1038213254 4635923 -15330940 -273456054

99 -478 572 17470 1038210654 4750437 -15091315 -273477289

99 -524 552 17520 1038207417 4803440 -14929260 -273497548

99 -430 486 17468 1038211702 4881137 -14787473 -273487608

99 -522 610 17454 1038214910 4980296 -14586283 -273484447

99 -484 550 17460 1038222009 5077432 -14446548 -273463127

99 -514 522 17492 1038220048 5116114 -14284862 -273478344

99 -500 512 17558 1038224382 5329647 -14176911 -273463431

99 -466 586 17526 1038212477 5332161 -14040682 -273515600

99 -420 348 17502 1038220436 5419668 -13919769 -273489850

99 -568 682 17474 1038183554 5658111 -13822368 -273629934

99 -474 208 17502 1038182517 5493447 -13716588 -273642548

99 -422 570 17554 1038130100 5934172 -13543723 -273840745

99 -422 302 17504 1038108191 5614692 -13548728 -273930276

99 -552 708 17572 1038079374 5705241 -13546578 -274037698

99 -364 388 17486 1038086974 5767999 -13412653 -274014179

99 -490 602 17530 1038072224 5740173 -13338231 -274074268

99 -506 542 17394 1038070392 5771134 -13302947 -274082269

99 -456 406 17458 1038077279 5840266 -13292306 -274055238

99 -504 496 17488 1038069170 5867582 -13227693 -274088492

99 -536 590 17430 1038060757 5902598 -13159764 -274122871

99 -414 504 17434 1038064822 5928859 -13134144 -274108139

99 -520 470 17330 1038057594 5932529 -13077389 -274138147

99 -528 470 17420 1038056829 5947317 -13022573 -274143329

99 -432 536 17420 1038059014 6019798 -12980515 -274135471

99 -540 492 17414 1038057824 6044679 -12906916 -274142904

99 -482 532 17504 1038057102 6044598 -12850565 -274148287

99 -478 534 17520 1038062941 6070031 -12788528 -274128515

99 -516 604 17468 1038062111 6090073 -12746671 -274133165

99 -532 480 17500 1038058820 6125370 -12683427 -27414777
